   1.0000000e+00   3.7751468e-09
   1.1000000e+00   3.7466927e-09
   1.2000000e+00   3.7184142e-09
   1.3000000e+00   3.6903103e-09
   1.4000000e+00   3.6623801e-09
   1.5000000e+00   3.6346226e-09
   1.6000000e+00   3.6070370e-09
   1.7000000e+00   3.5796223e-09
   1.8000000e+00   3.5523777e-09
   1.9000000e+00   3.5253023e-09
   2.0000000e+00   3.4983951e-09
   2.1000000e+00   3.4716553e-09
   2.2000000e+00   3.4450820e-09
   2.3000000e+00   3.4186744e-09
   2.4000000e+00   3.3924314e-09
   2.5000000e+00   3.3663524e-09
   2.6000000e+00   3.3404363e-09
   2.7000000e+00   3.3146824e-09
   2.8000000e+00   3.2894455e-09
   2.9000000e+00   3.2646484e-09
   3.0000000e+00   3.2400048e-09
   3.1000000e+00   3.2155139e-09
   3.2000000e+00   3.1912712e-09
   3.3000000e+00   3.1676422e-09
   3.4000000e+00   3.1441580e-09
   3.5000000e+00   3.1208181e-09
   3.6000000e+00   3.0976216e-09
   3.7000000e+00   3.0747979e-09
   3.8000000e+00   3.0523805e-09
   3.9000000e+00   3.0300996e-09
   4.0000000e+00   3.0079544e-09
   4.1000000e+00   2.9859442e-09
   4.2000000e+00   2.9642600e-09
   4.3000000e+00   2.9429624e-09
   4.4000000e+00   2.9217934e-09
   4.5000000e+00   2.9007525e-09
   4.6000000e+00   2.8798389e-09
   4.7000000e+00   2.8590798e-09
   4.8000000e+00   2.8388217e-09
   4.9000000e+00   2.8186851e-09
   5.0000000e+00   2.7986694e-09
   5.1000000e+00   2.7787738e-09
   5.2000000e+00   2.7589978e-09
   5.3000000e+00   2.7394810e-09
   5.4000000e+00   2.7203037e-09
   5.5000000e+00   2.7012407e-09
   5.6000000e+00   2.6822914e-09
   5.7000000e+00   2.6634551e-09
   5.8000000e+00   2.6447312e-09
   5.9000000e+00   2.6262429e-09
   6.0000000e+00   2.6080681e-09
   6.1000000e+00   2.5900009e-09
   6.2000000e+00   2.5720407e-09
   6.3000000e+00   2.5541870e-09
   6.4000000e+00   2.5364392e-09
   6.5000000e+00   2.5188098e-09
   6.6000000e+00   2.5015688e-09
   6.7000000e+00   2.4844292e-09
   6.8000000e+00   2.4673906e-09
   6.9000000e+00   2.4504523e-09
   7.0000000e+00   2.4336139e-09
   7.1000000e+00   2.4168748e-09
   7.2000000e+00   2.4003383e-09
   7.3000000e+00   2.3840637e-09
   7.4000000e+00   2.3678843e-09
   7.5000000e+00   2.3517997e-09
   7.6000000e+00   2.3358092e-09
   7.7000000e+00   2.3199126e-09
   7.8000000e+00   2.3041092e-09
   7.9000000e+00   2.2884958e-09
   8.0000000e+00   2.2731170e-09
   8.1000000e+00   2.2578278e-09
   8.2000000e+00   2.2426276e-09
   8.3000000e+00   2.2275160e-09
   8.4000000e+00   2.2124926e-09
   8.5000000e+00   2.1975569e-09
   8.6000000e+00   2.1827290e-09
   8.7000000e+00   2.1681822e-09
   8.8000000e+00   2.1537197e-09
   8.9000000e+00   2.1393410e-09
   9.0000000e+00   2.1250457e-09
   9.1000000e+00   2.1108334e-09
   9.2000000e+00   2.0967036e-09
   9.3000000e+00   2.0826560e-09
   9.4000000e+00   2.0687793e-09
   9.5000000e+00   2.0550862e-09
   9.6000000e+00   2.0414721e-09
   9.7000000e+00   2.0279366e-09
   9.8000000e+00   2.0144793e-09
   9.9000000e+00   2.0010997e-09
   1.0000000e+01   1.9877976e-09
   1.0100000e+01   1.9745725e-09
   1.0200000e+01   1.9615111e-09
   1.0300000e+01   1.9486099e-09
   1.0400000e+01   1.9357828e-09
   1.0500000e+01   1.9230295e-09
   1.0600000e+01   1.9103496e-09
   1.0700000e+01   1.8977428e-09
   1.0800000e+01   1.8852085e-09
   1.0900000e+01   1.8727466e-09
   1.1000000e+01   1.8603911e-09
   1.1100000e+01   1.8482259e-09
   1.1200000e+01   1.8361304e-09
   1.1300000e+01   1.8241042e-09
   1.1400000e+01   1.8121470e-09
   1.1500000e+01   1.8002584e-09
   1.1600000e+01   1.7884381e-09
   1.1700000e+01   1.7766857e-09
   1.1800000e+01   1.7650008e-09
   1.1900000e+01   1.7534685e-09
   1.2000000e+01   1.7420548e-09
   1.2100000e+01   1.7307063e-09
   1.2200000e+01   1.7194227e-09
   1.2300000e+01   1.7082036e-09
   1.2400000e+01   1.6970487e-09
   1.2500000e+01   1.6859577e-09
   1.2600000e+01   1.6749303e-09
   1.2700000e+01   1.6639660e-09
   1.2800000e+01   1.6531512e-09
   1.2900000e+01   1.6424377e-09
   1.3000000e+01   1.6317852e-09
   1.3100000e+01   1.6211934e-09
   1.3200000e+01   1.6106620e-09
   1.3300000e+01   1.6001907e-09
   1.3400000e+01   1.5897792e-09
   1.3500000e+01   1.5794272e-09
   1.3600000e+01   1.5691344e-09
   1.3700000e+01   1.5589505e-09
   1.3800000e+01   1.5488910e-09
   1.3900000e+01   1.5388886e-09
   1.4000000e+01   1.5289431e-09
   1.4100000e+01   1.5190542e-09
   1.4200000e+01   1.5092215e-09
   1.4300000e+01   1.4994448e-09
   1.4400000e+01   1.4897238e-09
   1.4500000e+01   1.4800582e-09
   1.4600000e+01   1.4704478e-09
   1.4700000e+01   1.4609817e-09
   1.4800000e+01   1.4515853e-09
   1.4900000e+01   1.4422421e-09
   1.5000000e+01   1.4329518e-09
   1.5100000e+01   1.4237143e-09
   1.5200000e+01   1.4145293e-09
   1.5300000e+01   1.4053964e-09
   1.5400000e+01   1.3963155e-09
   1.5500000e+01   1.3872863e-09
   1.5600000e+01   1.3783084e-09
   1.5700000e+01   1.3694695e-09
   1.5800000e+01   1.3606860e-09
   1.5900000e+01   1.3519521e-09
   1.6000000e+01   1.3432677e-09
   1.6100000e+01   1.3346324e-09
   1.6200000e+01   1.3260462e-09
   1.6300000e+01   1.3175086e-09
   1.6400000e+01   1.3090194e-09
   1.6500000e+01   1.3005785e-09
   1.6600000e+01   1.2921855e-09
   1.6700000e+01   1.2838986e-09
   1.6800000e+01   1.2756821e-09
   1.6900000e+01   1.2675120e-09
   1.7000000e+01   1.2593880e-09
   1.7100000e+01   1.2513100e-09
   1.7200000e+01   1.2432778e-09
   1.7300000e+01   1.2352910e-09
   1.7400000e+01   1.2273495e-09
   1.7500000e+01   1.2194530e-09
   1.7600000e+01   1.2116013e-09
   1.7700000e+01   1.2038055e-09
   1.7800000e+01   1.1961149e-09
   1.7900000e+01   1.1884677e-09
   1.8000000e+01   1.1808637e-09
   1.8100000e+01   1.1733026e-09
   1.8200000e+01   1.1657843e-09
   1.8300000e+01   1.1583084e-09
   1.8400000e+01   1.1508749e-09
   1.8500000e+01   1.1434835e-09
   1.8600000e+01   1.1361340e-09
   1.8700000e+01   1.1288262e-09
   1.8800000e+01   1.1215776e-09
   1.8900000e+01   1.1144167e-09
   1.9000000e+01   1.1072962e-09
   1.9100000e+01   1.1002159e-09
   1.9200000e+01   1.0931756e-09
   1.9300000e+01   1.0861750e-09
   1.9400000e+01   1.0792140e-09
   1.9500000e+01   1.0722924e-09
   1.9600000e+01   1.0654100e-09
   1.9700000e+01   1.0585665e-09
   1.9800000e+01   1.0517618e-09
   1.9900000e+01   1.0449999e-09
   2.0000000e+01   1.0383297e-09
   2.0100000e+01   1.0316971e-09
   2.0200000e+01   1.0251019e-09
   2.0300000e+01   1.0185440e-09
   2.0400000e+01   1.0120231e-09
   2.0500000e+01   1.0055390e-09
   2.0600000e+01   9.9909164e-10
   2.0700000e+01   9.9268074e-10
   2.0800000e+01   9.8630615e-10
   2.0900000e+01   9.7996768e-10
   2.1000000e+01   9.7366515e-10
   2.1100000e+01   9.6742624e-10
   2.1200000e+01   9.6124611e-10
   2.1300000e+01   9.5510084e-10
   2.1400000e+01   9.4899026e-10
   2.1500000e+01   9.4291419e-10
   2.1600000e+01   9.3687245e-10
   2.1700000e+01   9.3086488e-10
   2.1800000e+01   9.2489130e-10
   2.1900000e+01   9.1895155e-10
   2.2000000e+01   9.1304545e-10
   2.2100000e+01   9.0717283e-10
   2.2200000e+01   9.0133354e-10
   2.2300000e+01   8.9555888e-10
   2.2400000e+01   8.8983117e-10
   2.2500000e+01   8.8413579e-10
   2.2600000e+01   8.7847258e-10
   2.2700000e+01   8.7284137e-10
   2.2800000e+01   8.6724202e-10
   2.2900000e+01   8.6167434e-10
   2.3000000e+01   8.5613820e-10
   2.3100000e+01   8.5063343e-10
   2.3200000e+01   8.4515987e-10
   2.3300000e+01   8.3971736e-10
   2.3400000e+01   8.3430576e-10
   2.3500000e+01   8.2894560e-10
   2.3600000e+01   8.2363581e-10
   2.3700000e+01   8.1835603e-10
   2.3800000e+01   8.1310609e-10
   2.3900000e+01   8.0788585e-10
   2.4000000e+01   8.0269516e-10
   2.4100000e+01   7.9753388e-10
   2.4200000e+01   7.9240184e-10
   2.4300000e+01   7.8729891e-10
   2.4400000e+01   7.8222495e-10
   2.4500000e+01   7.7717980e-10
   2.4600000e+01   7.7216332e-10
   2.4700000e+01   7.6717547e-10
   2.4800000e+01   7.6225192e-10
   2.4900000e+01   7.5735622e-10
   2.5000000e+01   7.5248822e-10
   2.5100000e+01   7.4764780e-10
   2.5200000e+01   7.4283480e-10
   2.5300000e+01   7.3804910e-10
   2.5400000e+01   7.3329055e-10
   2.5500000e+01   7.2855902e-10
   2.5600000e+01   7.2385438e-10
   2.5700000e+01   7.1917649e-10
   2.5800000e+01   7.1452521e-10
   2.5900000e+01   7.0990041e-10
   2.6000000e+01   7.0530751e-10
   2.6100000e+01   7.0076693e-10
   2.6200000e+01   6.9625209e-10
   2.6300000e+01   6.9176285e-10
   2.6400000e+01   6.8729908e-10
   2.6500000e+01   6.8286066e-10
   2.6600000e+01   6.7844747e-10
   2.6700000e+01   6.7405937e-10
   2.6800000e+01   6.6969624e-10
   2.6900000e+01   6.6535795e-10
   2.7000000e+01   6.6104437e-10
   2.7100000e+01   6.5675540e-10
   2.7200000e+01   6.5249089e-10
   2.7300000e+01   6.4825129e-10
   2.7400000e+01   6.4406319e-10
   2.7500000e+01   6.3989887e-10
   2.7600000e+01   6.3575822e-10
   2.7700000e+01   6.3164113e-10
   2.7800000e+01   6.2754747e-10
   2.7900000e+01   6.2347713e-10
   2.8000000e+01   6.1942999e-10
   2.8100000e+01   6.1540593e-10
   2.8200000e+01   6.1140484e-10
   2.8300000e+01   6.0742659e-10
   2.8400000e+01   6.0347108e-10
   2.8500000e+01   5.9953820e-10
   2.8600000e+01   5.9562781e-10
   2.8700000e+01   5.9175308e-10
   2.8800000e+01   5.8791162e-10
   2.8900000e+01   5.8409205e-10
   2.9000000e+01   5.8029426e-10
   2.9100000e+01   5.7651815e-10
   2.9200000e+01   5.7276360e-10
   2.9300000e+01   5.6903051e-10
   2.9400000e+01   5.6531877e-10
   2.9500000e+01   5.6162826e-10
   2.9600000e+01   5.5795889e-10
   2.9700000e+01   5.5431054e-10
   2.9800000e+01   5.5068312e-10
   2.9900000e+01   5.4707650e-10
   3.0000000e+01   5.4349060e-10
   3.0100000e+01   5.3994109e-10
   3.0200000e+01   5.3641746e-10
   3.0300000e+01   5.3291398e-10
   3.0400000e+01   5.2943056e-10
   3.0500000e+01   5.2596709e-10
   3.0600000e+01   5.2252346e-10
   3.0700000e+01   5.1909959e-10
   3.0800000e+01   5.1569537e-10
   3.0900000e+01   5.1231069e-10
   3.1000000e+01   5.0894547e-10
   3.1100000e+01   5.0559961e-10
   3.1200000e+01   5.0227300e-10
   3.1300000e+01   4.9896554e-10
   3.1400000e+01   4.9567715e-10
   3.1500000e+01   4.9241912e-10
   3.1600000e+01   4.8918707e-10
   3.1700000e+01   4.8597357e-10
   3.1800000e+01   4.8277854e-10
   3.1900000e+01   4.7960187e-10
   3.2000000e+01   4.7644349e-10
   3.2100000e+01   4.7330329e-10
   3.2200000e+01   4.7018118e-10
   3.2300000e+01   4.6707708e-10
   3.2400000e+01   4.6399088e-10
   3.2500000e+01   4.6092251e-10
   3.2600000e+01   4.5787186e-10
   3.2700000e+01   4.5483885e-10
   3.2800000e+01   4.5182340e-10
   3.2900000e+01   4.4882797e-10
   3.3000000e+01   4.4586353e-10
   3.3100000e+01   4.4291618e-10
   3.3200000e+01   4.3998584e-10
   3.3300000e+01   4.3707242e-10
   3.3400000e+01   4.3417584e-10
   3.3500000e+01   4.3129600e-10
   3.3600000e+01   4.2843283e-10
   3.3700000e+01   4.2558624e-10
   3.3800000e+01   4.2275615e-10
   3.3900000e+01   4.1994246e-10
   3.4000000e+01   4.1714510e-10
   3.4100000e+01   4.1436399e-10
   3.4200000e+01   4.1159904e-10
   3.4300000e+01   4.0885017e-10
   3.4400000e+01   4.0612266e-10
   3.4500000e+01   4.0341970e-10
   3.4600000e+01   4.0073240e-10
   3.4700000e+01   3.9806070e-10
   3.4800000e+01   3.9540450e-10
   3.4900000e+01   3.9276374e-10
   3.5000000e+01   3.9013833e-10
   3.5100000e+01   3.8752819e-10
   3.5200000e+01   3.8493324e-10
   3.5300000e+01   3.8235342e-10
   3.5400000e+01   3.7978863e-10
   3.5500000e+01   3.7723881e-10
   3.5600000e+01   3.7470388e-10
   3.5700000e+01   3.7218376e-10
   3.5800000e+01   3.6967837e-10
   3.5900000e+01   3.6719103e-10
   3.6000000e+01   3.6472699e-10
   3.6100000e+01   3.6227731e-10
   3.6200000e+01   3.5984192e-10
   3.6300000e+01   3.5742076e-10
   3.6400000e+01   3.5501373e-10
   3.6500000e+01   3.5262079e-10
   3.6600000e+01   3.5024184e-10
   3.6700000e+01   3.4787682e-10
   3.6800000e+01   3.4552567e-10
   3.6900000e+01   3.4318830e-10
   3.7000000e+01   3.4086464e-10
   3.7100000e+01   3.3855464e-10
   3.7200000e+01   3.3625820e-10
   3.7300000e+01   3.3397528e-10
   3.7400000e+01   3.3170579e-10
   3.7500000e+01   3.2945852e-10
   3.7600000e+01   3.2722599e-10
   3.7700000e+01   3.2500657e-10
   3.7800000e+01   3.2280018e-10
   3.7900000e+01   3.2060676e-10
   3.8000000e+01   3.1842624e-10
   3.8100000e+01   3.1625857e-10
   3.8200000e+01   3.1410367e-10
   3.8300000e+01   3.1196147e-10
   3.8400000e+01   3.0983191e-10
   3.8500000e+01   3.0771493e-10
   3.8600000e+01   3.0561046e-10
   3.8700000e+01   3.0351844e-10
   3.8800000e+01   3.0143880e-10
   3.8900000e+01   2.9937148e-10
   3.9000000e+01   2.9731729e-10
   3.9100000e+01   2.9528322e-10
   3.9200000e+01   2.9326116e-10
   3.9300000e+01   2.9125107e-10
   3.9400000e+01   2.8925287e-10
   3.9500000e+01   2.8726651e-10
   3.9600000e+01   2.8529192e-10
   3.9700000e+01   2.8332904e-10
   3.9800000e+01   2.8137782e-10
   3.9900000e+01   2.7943818e-10
   4.0000000e+01   2.7751009e-10
   4.0100000e+01   2.7559346e-10
   4.0200000e+01   2.7368824e-10
   4.0300000e+01   2.7179439e-10
   4.0400000e+01   2.6991182e-10
   4.0500000e+01   2.6804049e-10
   4.0600000e+01   2.6618051e-10
   4.0700000e+01   2.6433889e-10
   4.0800000e+01   2.6250825e-10
   4.0900000e+01   2.6068851e-10
   4.1000000e+01   2.5887964e-10
   4.1100000e+01   2.5708156e-10
   4.1200000e+01   2.5529423e-10
   4.1300000e+01   2.5351758e-10
   4.1400000e+01   2.5175157e-10
   4.1500000e+01   2.4999614e-10
   4.1600000e+01   2.4825122e-10
   4.1700000e+01   2.4651678e-10
   4.1800000e+01   2.4479275e-10
   4.1900000e+01   2.4307907e-10
   4.2000000e+01   2.4137570e-10
   4.2100000e+01   2.3968259e-10
   4.2200000e+01   2.3799967e-10
   4.2300000e+01   2.3633075e-10
   4.2400000e+01   2.3467423e-10
   4.2500000e+01   2.3302767e-10
   4.2600000e+01   2.3139102e-10
   4.2700000e+01   2.2976422e-10
   4.2800000e+01   2.2814722e-10
   4.2900000e+01   2.2653998e-10
   4.3000000e+01   2.2494245e-10
   4.3100000e+01   2.2335456e-10
   4.3200000e+01   2.2177628e-10
   4.3300000e+01   2.2020754e-10
   4.3400000e+01   2.1864831e-10
   4.3500000e+01   2.1709853e-10
   4.3600000e+01   2.1555815e-10
   4.3700000e+01   2.1402713e-10
   4.3800000e+01   2.1250540e-10
   4.3900000e+01   2.1099293e-10
   4.4000000e+01   2.0949432e-10
   4.4100000e+01   2.0800535e-10
   4.4200000e+01   2.0652542e-10
   4.4300000e+01   2.0505449e-10
   4.4400000e+01   2.0359250e-10
   4.4500000e+01   2.0213942e-10
   4.4600000e+01   2.0069519e-10
   4.4700000e+01   1.9925976e-10
   4.4800000e+01   1.9783310e-10
   4.4900000e+01   1.9641515e-10
   4.5000000e+01   1.9500587e-10
   4.5100000e+01   1.9360522e-10
   4.5200000e+01   1.9221314e-10
   4.5300000e+01   1.9082959e-10
   4.5400000e+01   1.8945454e-10
   4.5500000e+01   1.8808792e-10
   4.5600000e+01   1.8672970e-10
   4.5700000e+01   1.8538351e-10
   4.5800000e+01   1.8404626e-10
   4.5900000e+01   1.8271722e-10
   4.6000000e+01   1.8139635e-10
   4.6100000e+01   1.8008359e-10
   4.6200000e+01   1.7877891e-10
   4.6300000e+01   1.7748227e-10
   4.6400000e+01   1.7619363e-10
   4.6500000e+01   1.7491293e-10
   4.6600000e+01   1.7364014e-10
   4.6700000e+01   1.7237522e-10
   4.6800000e+01   1.7111812e-10
   4.6900000e+01   1.6986881e-10
   4.7000000e+01   1.6862724e-10
   4.7100000e+01   1.6739337e-10
   4.7200000e+01   1.6616715e-10
   4.7300000e+01   1.6494856e-10
   4.7400000e+01   1.6373926e-10
   4.7500000e+01   1.6253941e-10
   4.7600000e+01   1.6134702e-10
   4.7700000e+01   1.6016203e-10
   4.7800000e+01   1.5898441e-10
   4.7900000e+01   1.5781412e-10
   4.8000000e+01   1.5665113e-10
   4.8100000e+01   1.5549538e-10
   4.8200000e+01   1.5434685e-10
   4.8300000e+01   1.5320549e-10
   4.8400000e+01   1.5207127e-10
   4.8500000e+01   1.5094415e-10
   4.8600000e+01   1.4982409e-10
   4.8700000e+01   1.4871105e-10
   4.8800000e+01   1.4760500e-10
   4.8900000e+01   1.4650589e-10
   4.9000000e+01   1.4541369e-10
   4.9100000e+01   1.4432837e-10
   4.9200000e+01   1.4325223e-10
   4.9300000e+01   1.4218356e-10
   4.9400000e+01   1.4112162e-10
   4.9500000e+01   1.4006636e-10
   4.9600000e+01   1.3901775e-10
   4.9700000e+01   1.3797575e-10
   4.9800000e+01   1.3694033e-10
   4.9900000e+01   1.3591145e-10
   5.0000000e+01   1.3488908e-10
   5.0100000e+01   1.3387318e-10
   5.0200000e+01   1.3286372e-10
   5.0300000e+01   1.3186066e-10
   5.0400000e+01   1.3086397e-10
   5.0500000e+01   1.2987361e-10
   5.0600000e+01   1.2888955e-10
   5.0700000e+01   1.2791176e-10
   5.0800000e+01   1.2694019e-10
   5.0900000e+01   1.2597483e-10
   5.1000000e+01   1.2501751e-10
   5.1100000e+01   1.2406696e-10
   5.1200000e+01   1.2312247e-10
   5.1300000e+01   1.2218401e-10
   5.1400000e+01   1.2125154e-10
   5.1500000e+01   1.2032504e-10
   5.1600000e+01   1.1940446e-10
   5.1700000e+01   1.1848979e-10
   5.1800000e+01   1.1758098e-10
   5.1900000e+01   1.1667801e-10
   5.2000000e+01   1.1578084e-10
   5.2100000e+01   1.1488944e-10
   5.2200000e+01   1.1400378e-10
   5.2300000e+01   1.1312383e-10
   5.2400000e+01   1.1224955e-10
   5.2500000e+01   1.1138093e-10
   5.2600000e+01   1.1051791e-10
   5.2700000e+01   1.0966049e-10
   5.2800000e+01   1.0880944e-10
   5.2900000e+01   1.0796520e-10
   5.3000000e+01   1.0712642e-10
   5.3100000e+01   1.0629307e-10
   5.3200000e+01   1.0546512e-10
   5.3300000e+01   1.0464255e-10
   5.3400000e+01   1.0382533e-10
   5.3500000e+01   1.0301341e-10
   5.3600000e+01   1.0220679e-10
   5.3700000e+01   1.0140542e-10
   5.3800000e+01   1.0060928e-10
   5.3900000e+01   9.9818334e-11
   5.4000000e+01   9.9032563e-11
   5.4100000e+01   9.8251934e-11
   5.4200000e+01   9.7476418e-11
   5.4300000e+01   9.6705988e-11
   5.4400000e+01   9.5940616e-11
   5.4500000e+01   9.5180273e-11
   5.4600000e+01   9.4424932e-11
   5.4700000e+01   9.3675822e-11
   5.4800000e+01   9.2932135e-11
   5.4900000e+01   9.2193342e-11
   5.5000000e+01   9.1459415e-11
   5.5100000e+01   9.0730328e-11
   5.5200000e+01   9.0006053e-11
   5.5300000e+01   8.9286564e-11
   5.5400000e+01   8.8571835e-11
   5.5500000e+01   8.7861839e-11
   5.5600000e+01   8.7156549e-11
   5.5700000e+01   8.6455941e-11
   5.5800000e+01   8.5759986e-11
   5.5900000e+01   8.5068661e-11
   5.6000000e+01   8.4381938e-11
   5.6100000e+01   8.3699793e-11
   5.6200000e+01   8.3022199e-11
   5.6300000e+01   8.2349132e-11
   5.6400000e+01   8.1680566e-11
   5.6500000e+01   8.1016476e-11
   5.6600000e+01   8.0357874e-11
   5.6700000e+01   7.9704090e-11
   5.6800000e+01   7.9054685e-11
   5.6900000e+01   7.8409635e-11
   5.7000000e+01   7.7768916e-11
   5.7100000e+01   7.7132503e-11
   5.7200000e+01   7.6500372e-11
   5.7300000e+01   7.5872499e-11
   5.7400000e+01   7.5248860e-11
   5.7500000e+01   7.4629432e-11
   5.7600000e+01   7.4014191e-11
   5.7700000e+01   7.3403112e-11
   5.7800000e+01   7.2796174e-11
   5.7900000e+01   7.2193352e-11
   5.8000000e+01   7.1594623e-11
   5.8100000e+01   7.0999965e-11
   5.8200000e+01   7.0409353e-11
   5.8300000e+01   6.9822766e-11
   5.8400000e+01   6.9240181e-11
   5.8500000e+01   6.8662041e-11
   5.8600000e+01   6.8088571e-11
   5.8700000e+01   6.7519015e-11
   5.8800000e+01   6.6953353e-11
   5.8900000e+01   6.6391562e-11
   5.9000000e+01   6.5833620e-11
   5.9100000e+01   6.5279506e-11
   5.9200000e+01   6.4729198e-11
   5.9300000e+01   6.4182674e-11
   5.9400000e+01   6.3639912e-11
   5.9500000e+01   6.3100892e-11
   5.9600000e+01   6.2565591e-11
   5.9700000e+01   6.2033989e-11
   5.9800000e+01   6.1506065e-11
   5.9900000e+01   6.0981798e-11
   6.0000000e+01   6.0461166e-11
   6.0100000e+01   5.9944149e-11
   6.0200000e+01   5.9430727e-11
   6.0300000e+01   5.8920878e-11
   6.0400000e+01   5.8414583e-11
   6.0500000e+01   5.7912542e-11
   6.0600000e+01   5.7414249e-11
   6.0700000e+01   5.6919434e-11
   6.0800000e+01   5.6428076e-11
   6.0900000e+01   5.5940154e-11
   6.1000000e+01   5.5455650e-11
   6.1100000e+01   5.4974544e-11
   6.1200000e+01   5.4496816e-11
   6.1300000e+01   5.4022446e-11
   6.1400000e+01   5.3551416e-11
   6.1500000e+01   5.3083706e-11
   6.1600000e+01   5.2619297e-11
   6.1700000e+01   5.2158170e-11
   6.1800000e+01   5.1700305e-11
   6.1900000e+01   5.1245685e-11
   6.2000000e+01   5.0794290e-11
   6.2100000e+01   5.0346101e-11
   6.2200000e+01   4.9901100e-11
   6.2300000e+01   4.9459269e-11
   6.2400000e+01   4.9020588e-11
   6.2500000e+01   4.8585647e-11
   6.2600000e+01   4.8153991e-11
   6.2700000e+01   4.7725418e-11
   6.2800000e+01   4.7299910e-11
   6.2900000e+01   4.6877450e-11
   6.3000000e+01   4.6458019e-11
   6.3100000e+01   4.6041600e-11
   6.3200000e+01   4.5628176e-11
   6.3300000e+01   4.5217729e-11
   6.3400000e+01   4.4810241e-11
   6.3500000e+01   4.4405696e-11
   6.3600000e+01   4.4004075e-11
   6.3700000e+01   4.3605363e-11
   6.3800000e+01   4.3209541e-11
   6.3900000e+01   4.2816593e-11
   6.4000000e+01   4.2426502e-11
   6.4100000e+01   4.2039251e-11
   6.4200000e+01   4.1654823e-11
   6.4300000e+01   4.1273203e-11
   6.4400000e+01   4.0894372e-11
   6.4500000e+01   4.0518615e-11
   6.4600000e+01   4.0145945e-11
   6.4700000e+01   3.9776005e-11
   6.4800000e+01   3.9408779e-11
   6.4900000e+01   3.9044250e-11
   6.5000000e+01   3.8682404e-11
   6.5100000e+01   3.8323224e-11
   6.5200000e+01   3.7966694e-11
   6.5300000e+01   3.7612799e-11
   6.5400000e+01   3.7261523e-11
   6.5500000e+01   3.6912850e-11
   6.5600000e+01   3.6566765e-11
   6.5700000e+01   3.6223252e-11
   6.5800000e+01   3.5882297e-11
   6.5900000e+01   3.5543884e-11
   6.6000000e+01   3.5207997e-11
   6.6100000e+01   3.4874622e-11
   6.6200000e+01   3.4543744e-11
   6.6300000e+01   3.4215347e-11
   6.6400000e+01   3.3889417e-11
   6.6500000e+01   3.3565940e-11
   6.6600000e+01   3.3245328e-11
   6.6700000e+01   3.2927210e-11
   6.6800000e+01   3.2611490e-11
   6.6900000e+01   3.2298155e-11
   6.7000000e+01   3.1987190e-11
   6.7100000e+01   3.1678581e-11
   6.7200000e+01   3.1372314e-11
   6.7300000e+01   3.1068374e-11
   6.7400000e+01   3.0766748e-11
   6.7500000e+01   3.0467422e-11
   6.7600000e+01   3.0170382e-11
   6.7700000e+01   2.9875614e-11
   6.7800000e+01   2.9583104e-11
   6.7900000e+01   2.9292838e-11
   6.8000000e+01   2.9004804e-11
   6.8100000e+01   2.8718986e-11
   6.8200000e+01   2.8435373e-11
   6.8300000e+01   2.8153950e-11
   6.8400000e+01   2.7874704e-11
   6.8500000e+01   2.7597622e-11
   6.8600000e+01   2.7322690e-11
   6.8700000e+01   2.7050256e-11
   6.8800000e+01   2.6779980e-11
   6.8900000e+01   2.6511808e-11
   6.9000000e+01   2.6245727e-11
   6.9100000e+01   2.5981725e-11
   6.9200000e+01   2.5719787e-11
   6.9300000e+01   2.5459903e-11
   6.9400000e+01   2.5202059e-11
   6.9500000e+01   2.4946242e-11
   6.9600000e+01   2.4692441e-11
   6.9700000e+01   2.4440642e-11
   6.9800000e+01   2.4190834e-11
   6.9900000e+01   2.3943005e-11
   7.0000000e+01   2.3697141e-11
   7.0100000e+01   2.3453231e-11
   7.0200000e+01   2.3211262e-11
   7.0300000e+01   2.2971224e-11
   7.0400000e+01   2.2733103e-11
   7.0500000e+01   2.2496888e-11
   7.0600000e+01   2.2262567e-11
   7.0700000e+01   2.2030128e-11
   7.0800000e+01   2.1799756e-11
   7.0900000e+01   2.1571355e-11
   7.1000000e+01   2.1344795e-11
   7.1100000e+01   2.1120065e-11
   7.1200000e+01   2.0897153e-11
   7.1300000e+01   2.0676047e-11
   7.1400000e+01   2.0456737e-11
   7.1500000e+01   2.0239212e-11
   7.1600000e+01   2.0023459e-11
   7.1700000e+01   1.9809469e-11
   7.1800000e+01   1.9597229e-11
   7.1900000e+01   1.9386729e-11
   7.2000000e+01   1.9177958e-11
   7.2100000e+01   1.8970906e-11
   7.2200000e+01   1.8765560e-11
   7.2300000e+01   1.8561911e-11
   7.2400000e+01   1.8359948e-11
   7.2500000e+01   1.8159659e-11
   7.2600000e+01   1.7961035e-11
   7.2700000e+01   1.7764065e-11
   7.2800000e+01   1.7568739e-11
   7.2900000e+01   1.7375051e-11
   7.3000000e+01   1.7183220e-11
   7.3100000e+01   1.6992996e-11
   7.3200000e+01   1.6804370e-11
   7.3300000e+01   1.6617329e-11
   7.3400000e+01   1.6431866e-11
   7.3500000e+01   1.6247969e-11
   7.3600000e+01   1.6065628e-11
   7.3700000e+01   1.5884834e-11
   7.3800000e+01   1.5705577e-11
   7.3900000e+01   1.5527847e-11
   7.4000000e+01   1.5351634e-11
   7.4100000e+01   1.5176928e-11
   7.4200000e+01   1.5003719e-11
   7.4300000e+01   1.4831999e-11
   7.4400000e+01   1.4661757e-11
   7.4500000e+01   1.4492983e-11
   7.4600000e+01   1.4325669e-11
   7.4700000e+01   1.4159805e-11
   7.4800000e+01   1.3995381e-11
   7.4900000e+01   1.3832389e-11
   7.5000000e+01   1.3670818e-11
   7.5100000e+01   1.3510679e-11
   7.5200000e+01   1.3352105e-11
   7.5300000e+01   1.3194922e-11
   7.5400000e+01   1.3039119e-11
   7.5500000e+01   1.2884689e-11
   7.5600000e+01   1.2731621e-11
   7.5700000e+01   1.2579908e-11
   7.5800000e+01   1.2429540e-11
   7.5900000e+01   1.2280509e-11
   7.6000000e+01   1.2132806e-11
   7.6100000e+01   1.1986421e-11
   7.6200000e+01   1.1841347e-11
   7.6300000e+01   1.1697575e-11
   7.6400000e+01   1.1555096e-11
   7.6500000e+01   1.1413902e-11
   7.6600000e+01   1.1273983e-11
   7.6700000e+01   1.1135333e-11
   7.6800000e+01   1.0997942e-11
   7.6900000e+01   1.0861801e-11
   7.7000000e+01   1.0726904e-11
   7.7100000e+01   1.0593241e-11
   7.7200000e+01   1.0460804e-11
   7.7300000e+01   1.0329585e-11
   7.7400000e+01   1.0199690e-11
   7.7500000e+01   1.0071014e-11
   7.7600000e+01   9.9435288e-12
   7.7700000e+01   9.8172258e-12
   7.7800000e+01   9.6920975e-12
   7.7900000e+01   9.5681358e-12
   7.8000000e+01   9.4453331e-12
   7.8100000e+01   9.3236816e-12
   7.8200000e+01   9.2031734e-12
   7.8300000e+01   9.0838009e-12
   7.8400000e+01   8.9655564e-12
   7.8500000e+01   8.8484323e-12
   7.8600000e+01   8.7324210e-12
   7.8700000e+01   8.6175149e-12
   7.8800000e+01   8.5037067e-12
   7.8900000e+01   8.3909887e-12
   7.9000000e+01   8.2793537e-12
   7.9100000e+01   8.1687942e-12
   7.9200000e+01   8.0593029e-12
   7.9300000e+01   7.9508724e-12
   7.9400000e+01   7.8434956e-12
   7.9500000e+01   7.7371652e-12
   7.9600000e+01   7.6319016e-12
   7.9700000e+01   7.5277386e-12
   7.9800000e+01   7.4245979e-12
   7.9900000e+01   7.3224727e-12
   8.0000000e+01   7.2213559e-12
   8.0100000e+01   7.1212405e-12
   8.0200000e+01   7.0221198e-12
   8.0300000e+01   6.9239867e-12
   8.0400000e+01   6.8268344e-12
   8.0500000e+01   6.7306562e-12
   8.0600000e+01   6.6354454e-12
   8.0700000e+01   6.5411950e-12
   8.0800000e+01   6.4478986e-12
   8.0900000e+01   6.3555494e-12
   8.1000000e+01   6.2641408e-12
   8.1100000e+01   6.1736662e-12
   8.1200000e+01   6.0841192e-12
   8.1300000e+01   5.9954931e-12
   8.1400000e+01   5.9077816e-12
   8.1500000e+01   5.8209782e-12
   8.1600000e+01   5.7350764e-12
   8.1700000e+01   5.6500700e-12
   8.1800000e+01   5.5659526e-12
   8.1900000e+01   5.4827442e-12
   8.2000000e+01   5.4004528e-12
   8.2100000e+01   5.3190296e-12
   8.2200000e+01   5.2384686e-12
   8.2300000e+01   5.1587635e-12
   8.2400000e+01   5.0799083e-12
   8.2500000e+01   5.0018970e-12
   8.2600000e+01   4.9247235e-12
   8.2700000e+01   4.8483818e-12
   8.2800000e+01   4.7728660e-12
   8.2900000e+01   4.6981702e-12
   8.3000000e+01   4.6242884e-12
   8.3100000e+01   4.5512148e-12
   8.3200000e+01   4.4789436e-12
   8.3300000e+01   4.4074690e-12
   8.3400000e+01   4.3367853e-12
   8.3500000e+01   4.2668866e-12
   8.3600000e+01   4.1977674e-12
   8.3700000e+01   4.1294220e-12
   8.3800000e+01   4.0618446e-12
   8.3900000e+01   3.9950298e-12
   8.4000000e+01   3.9289719e-12
   8.4100000e+01   3.8636655e-12
   8.4200000e+01   3.7991126e-12
   8.4300000e+01   3.7353376e-12
   8.4400000e+01   3.6722961e-12
   8.4500000e+01   3.6099827e-12
   8.4600000e+01   3.5483922e-12
   8.4700000e+01   3.4875191e-12
   8.4800000e+01   3.4273581e-12
   8.4900000e+01   3.3679041e-12
   8.5000000e+01   3.3091517e-12
   8.5100000e+01   3.2510958e-12
   8.5200000e+01   3.1937311e-12
   8.5300000e+01   3.1370526e-12
   8.5400000e+01   3.0810551e-12
   8.5500000e+01   3.0257335e-12
   8.5600000e+01   2.9710827e-12
   8.5700000e+01   2.9170978e-12
   8.5800000e+01   2.8637738e-12
   8.5900000e+01   2.8111056e-12
   8.6000000e+01   2.7590883e-12
   8.6100000e+01   2.7077170e-12
   8.6200000e+01   2.6569868e-12
   8.6300000e+01   2.6068929e-12
   8.6400000e+01   2.5574304e-12
   8.6500000e+01   2.5085945e-12
   8.6600000e+01   2.4603983e-12
   8.6700000e+01   2.4128294e-12
   8.6800000e+01   2.3658718e-12
   8.6900000e+01   2.3195208e-12
   8.7000000e+01   2.2737718e-12
   8.7100000e+01   2.2286201e-12
   8.7200000e+01   2.1840612e-12
   8.7300000e+01   2.1400904e-12
   8.7400000e+01   2.0967034e-12
   8.7500000e+01   2.0538954e-12
   8.7600000e+01   2.0116621e-12
   8.7700000e+01   1.9699990e-12
   8.7800000e+01   1.9289016e-12
   8.7900000e+01   1.8883656e-12
   8.8000000e+01   1.8483865e-12
   8.8100000e+01   1.8089600e-12
   8.8200000e+01   1.7700818e-12
   8.8300000e+01   1.7317475e-12
   8.8400000e+01   1.6939529e-12
   8.8500000e+01   1.6566938e-12
   8.8600000e+01   1.6199658e-12
   8.8700000e+01   1.5837647e-12
   8.8800000e+01   1.5480865e-12
   8.8900000e+01   1.5129269e-12
   8.9000000e+01   1.4782944e-12
   8.9100000e+01   1.4441759e-12
   8.9200000e+01   1.4105630e-12
   8.9300000e+01   1.3774515e-12
   8.9400000e+01   1.3448376e-12
   8.9500000e+01   1.3127171e-12
   8.9600000e+01   1.2810862e-12
   8.9700000e+01   1.2499408e-12
   8.9800000e+01   1.2192770e-12
   8.9900000e+01   1.1890910e-12
   9.0000000e+01   1.1593788e-12
   9.0100000e+01   1.1301366e-12
   9.0200000e+01   1.1013605e-12
   9.0300000e+01   1.0730468e-12
   9.0400000e+01   1.0451917e-12
   9.0500000e+01   1.0177913e-12
   9.0600000e+01   9.9084201e-13
   9.0700000e+01   9.6434001e-13
   9.0800000e+01   9.3828164e-13
   9.0900000e+01   9.1266320e-13
   9.1000000e+01   8.8748106e-13
   9.1100000e+01   8.6273158e-13
   9.1200000e+01   8.3841114e-13
   9.1300000e+01   8.1451615e-13
   9.1400000e+01   7.9104790e-13
   9.1500000e+01   7.6800158e-13
   9.1600000e+01   7.4536957e-13
   9.1700000e+01   7.2314839e-13
   9.1800000e+01   7.0133458e-13
   9.1900000e+01   6.7992467e-13
   9.2000000e+01   6.5891525e-13
   9.2100000e+01   6.3830290e-13
   9.2200000e+01   6.1808425e-13
   9.2300000e+01   5.9825591e-13
   9.2400000e+01   5.7881456e-13
   9.2500000e+01   5.5975686e-13
   9.2600000e+01   5.4107951e-13
   9.2700000e+01   5.2277923e-13
   9.2800000e+01   5.0485274e-13
   9.2900000e+01   4.8729681e-13
   9.3000000e+01   4.7010822e-13
   9.3100000e+01   4.5328374e-13
   9.3200000e+01   4.3682021e-13
   9.3300000e+01   4.2071446e-13
   9.3400000e+01   4.0496333e-13
   9.3500000e+01   3.8956370e-13
   9.3600000e+01   3.7451247e-13
   9.3700000e+01   3.5980655e-13
   9.3800000e+01   3.4544297e-13
   9.3900000e+01   3.3142207e-13
   9.4000000e+01   3.1773703e-13
   9.4100000e+01   3.0438484e-13
   9.4200000e+01   2.9136253e-13
   9.4300000e+01   2.7866713e-13
   9.4400000e+01   2.6629570e-13
   9.4500000e+01   2.5424529e-13
   9.4600000e+01   2.4251301e-13
   9.4700000e+01   2.3109596e-13
   9.4800000e+01   2.1999127e-13
   9.4900000e+01   2.0919608e-13
   9.5000000e+01   1.9870755e-13
   9.5100000e+01   1.8852287e-13
   9.5200000e+01   1.7863922e-13
   9.5300000e+01   1.6905383e-13
   9.5400000e+01   1.5976393e-13
   9.5500000e+01   1.5076676e-13
   9.5600000e+01   1.4205960e-13
   9.5700000e+01   1.3363973e-13
   9.5800000e+01   1.2550444e-13
   9.5900000e+01   1.1765107e-13
   9.6000000e+01   1.1007694e-13
   9.6100000e+01   1.0277940e-13
   9.6200000e+01   9.5755827e-14
   9.6300000e+01   8.9003779e-14
   9.6400000e+01   8.2521175e-14
   9.6500000e+01   7.6304613e-14
   9.6600000e+01   7.0351536e-14
   9.6700000e+01   6.4659405e-14
   9.6800000e+01   5.9225696e-14
   9.6900000e+01   5.4047900e-14
   9.7000000e+01   4.9123528e-14
   9.7100000e+01   4.4450102e-14
   9.7200000e+01   4.0025163e-14
   9.7300000e+01   3.5846267e-14
   9.7400000e+01   3.1910987e-14
   9.7500000e+01   2.8216909e-14
   9.7600000e+01   2.4761636e-14
   9.7700000e+01   2.1542787e-14
   9.7800000e+01   1.8557996e-14
   9.7900000e+01   1.5804912e-14
   9.8000000e+01   1.3281199e-14
   9.8100000e+01   1.0984537e-14
   9.8200000e+01   8.9126204e-15
   9.8300000e+01   7.0631589e-15
   9.8400000e+01   5.4338773e-15
   9.8500000e+01   4.0225148e-15
   9.8600000e+01   2.8268258e-15
   9.8700000e+01   1.8445792e-15
   9.8800000e+01   1.0735587e-15
   9.8900000e+01   5.1156729e-16
   9.9000000e+01   1.5640522e-16
   9.9100000e+01   5.9057951e-18
   9.9200000e+01   5.7916627e-17
   9.9300000e+01   3.1029948e-16
   9.9400000e+01   7.6093024e-16
   9.9500000e+01   1.4076988e-15
   9.9600000e+01   2.2485090e-15
   9.9700000e+01   3.2812786e-15
   9.9800000e+01   4.5039391e-15
   9.9900000e+01   5.9144359e-15
   1.0000000e+02   7.5107279e-15
