1.000000000000000056e-01 3.099999999659999728e-03
2.500000000000000000e-01 2.995626138500000028e-03
5.000000000000000000e-01 2.940000722499999837e-03
7.500000000000000000e-01 2.885230684000000215e-03
1.000000000000000000e+00 2.831304817499999751e-03
1.250000000000000000e+00 2.778211990499999777e-03
1.500000000000000000e+00 2.725941289499999882e-03
1.750000000000000000e+00 2.674481873999999797e-03
2.000000000000000000e+00 2.623823049499999973e-03
2.250000000000000000e+00 2.573954231000000203e-03
2.500000000000000000e+00 2.524864979499999700e-03
2.750000000000000000e+00 2.476547776000000319e-03
3.000000000000000000e+00 2.429234395500000105e-03
3.250000000000000000e+00 2.383254214000000027e-03
3.500000000000000000e+00 2.338543648500000013e-03
3.750000000000000000e+00 2.295026852000000422e-03
4.000000000000000000e+00 2.252637650000000047e-03
4.250000000000000000e+00 2.211318189999999986e-03
4.500000000000000000e+00 2.171017116499999663e-03
4.750000000000000000e+00 2.131688804500000110e-03
5.000000000000000000e+00 2.093291716999999899e-03
5.250000000000000000e+00 2.055787602000000089e-03
5.500000000000000000e+00 2.019141200500000188e-03
5.750000000000000000e+00 1.983319370499999918e-03
6.000000000000000000e+00 1.948291670999999919e-03
6.250000000000000000e+00 1.914029559000000403e-03
6.500000000000000000e+00 1.880505695999999801e-03
6.750000000000000000e+00 1.847695261999999930e-03
7.000000000000000000e+00 1.815574240000000046e-03
7.250000000000000000e+00 1.784120328499999922e-03
7.500000000000000000e+00 1.753311992499999956e-03
7.750000000000000000e+00 1.723129266499999913e-03
8.000000000000000000e+00 1.693552805499999895e-03
8.250000000000000000e+00 1.664564542000000107e-03
8.500000000000000000e+00 1.636147211500000144e-03
8.750000000000000000e+00 1.608284316000000227e-03
9.000000000000000000e+00 1.580960306500000037e-03
9.250000000000000000e+00 1.554160473500000019e-03
9.500000000000000000e+00 1.527870508999999884e-03
9.750000000000000000e+00 1.502076835000000108e-03
1.000000000000000000e+01 1.476766859000000053e-03
1.025000000000000000e+01 1.451928098000000158e-03
1.050000000000000000e+01 1.427548872000000040e-03
1.075000000000000000e+01 1.403617938999999733e-03
1.100000000000000000e+01 1.380124640999999975e-03
1.125000000000000000e+01 1.357058502499999906e-03
1.150000000000000000e+01 1.334409814499999940e-03
1.175000000000000000e+01 1.312169269499999973e-03
1.200000000000000000e+01 1.290327705999999965e-03
1.225000000000000000e+01 1.268876400500000079e-03
1.250000000000000000e+01 1.247807177000000026e-03
1.275000000000000000e+01 1.227111676999999811e-03
1.300000000000000000e+01 1.206781906999999932e-03
1.325000000000000000e+01 1.186810202000000009e-03
1.350000000000000000e+01 1.167189042999999945e-03
1.375000000000000000e+01 1.147910947499999933e-03
1.400000000000000000e+01 1.128968688500000010e-03
1.425000000000000000e+01 1.110355185000000064e-03
1.450000000000000000e+01 1.092063392500000054e-03
1.475000000000000000e+01 1.074086449000000078e-03
1.500000000000000000e+01 1.056417893999999930e-03
1.525000000000000000e+01 1.039051449499999976e-03
1.550000000000000000e+01 1.021980655000000009e-03
1.575000000000000000e+01 1.005199415000000100e-03
1.600000000000000000e+01 9.887021085000001572e-04
1.625000000000000000e+01 9.724826034999999643e-04
1.650000000000000000e+01 9.565357899999999899e-04
1.675000000000000000e+01 9.408557915000000799e-04
1.700000000000000000e+01 9.254378264999999328e-04
1.725000000000000000e+01 9.102763469999999250e-04
1.750000000000000000e+01 8.953666809999999681e-04
1.775000000000000000e+01 8.807039740000000526e-04
1.800000000000000000e+01 8.662832985000000268e-04
1.825000000000000000e+01 8.521001649999999407e-04
1.850000000000000000e+01 8.381502664999999821e-04
1.875000000000000000e+01 8.244291134999999840e-04
1.900000000000000000e+01 8.109325085000000221e-04
1.925000000000000000e+01 7.976561810000000301e-04
1.950000000000000000e+01 7.845961890000000384e-04
1.975000000000000000e+01 7.717486270000000403e-04
2.000000000000000000e+01 7.591096259999999913e-04
2.025000000000000000e+01 7.466754994999999853e-04
2.050000000000000000e+01 7.344424880000000825e-04
2.075000000000000000e+01 7.224070510000000101e-04
2.100000000000000000e+01 7.105656845000001085e-04
2.125000000000000000e+01 6.989149939999999553e-04
2.150000000000000000e+01 6.874516215000000662e-04
2.175000000000000000e+01 6.761722454999999441e-04
2.200000000000000000e+01 6.650736174999999925e-04
2.225000000000000000e+01 6.541527080000000653e-04
2.250000000000000000e+01 6.434064144999999827e-04
2.275000000000000000e+01 6.328317439999999947e-04
2.300000000000000000e+01 6.224258859999999473e-04
2.325000000000000000e+01 6.121857379999999862e-04
2.350000000000000000e+01 6.021085624999999910e-04
2.375000000000000000e+01 5.921916220000000581e-04
2.400000000000000000e+01 5.824323614999999885e-04
2.425000000000000000e+01 5.728278609999999573e-04
2.450000000000000000e+01 5.633755654999999824e-04
2.475000000000000000e+01 5.540732119999999990e-04
2.500000000000000000e+01 5.449179899999999615e-04
2.525000000000000000e+01 5.359075270000000259e-04
2.550000000000000000e+01 5.270396329999999440e-04
2.575000000000000000e+01 5.183116069999999919e-04
2.600000000000000000e+01 5.097215144999999847e-04
2.625000000000000000e+01 5.012667639999999775e-04
2.650000000000000000e+01 4.929453845000000400e-04
2.675000000000000000e+01 4.847550399999999652e-04
2.700000000000000000e+01 4.766936499999999892e-04
2.725000000000000000e+01 4.687591705000000936e-04
2.750000000000000000e+01 4.609494479999999930e-04
2.775000000000000000e+01 4.532625479999999904e-04
2.800000000000000000e+01 4.456964629999999759e-04
2.825000000000000000e+01 4.382491489999999854e-04
2.850000000000000000e+01 4.309189635000000226e-04
2.875000000000000000e+01 4.237036799999999853e-04
2.900000000000000000e+01 4.166017654999999817e-04
2.925000000000000000e+01 4.096112490000000271e-04
2.950000000000000000e+01 4.027303785000000205e-04
2.975000000000000000e+01 3.959575115000000200e-04
3.000000000000000000e+01 3.892907135000000032e-04
3.025000000000000000e+01 3.827286339999999456e-04
3.050000000000000000e+01 3.762693385000000419e-04
3.075000000000000000e+01 3.699112209999999871e-04
3.100000000000000000e+01 3.636529382999999878e-04
3.125000000000000000e+01 3.574926946000000203e-04
3.150000000000000000e+01 3.514289276999999737e-04
3.175000000000000000e+01 3.454603016999999599e-04
3.200000000000000000e+01 3.395852690000000589e-04
3.225000000000000000e+01 3.338023039000000136e-04
3.250000000000000000e+01 3.281099536999999801e-04
3.275000000000000000e+01 3.225069627999999555e-04
3.300000000000000000e+01 3.169918346999999565e-04
3.325000000000000000e+01 3.115631969999999701e-04
3.350000000000000000e+01 3.062196772999999832e-04
3.375000000000000000e+01 3.009600783999999982e-04
3.400000000000000000e+01 2.957830644000000188e-04
3.425000000000000000e+01 2.906873249500000443e-04
3.450000000000000000e+01 2.856715752500000151e-04
3.475000000000000000e+01 2.807346035000000137e-04
3.500000000000000000e+01 2.758752599500000264e-04
3.525000000000000000e+01 2.710923400999999872e-04
3.550000000000000000e+01 2.663846467500000071e-04
3.575000000000000000e+01 2.617510337999999709e-04
3.600000000000000000e+01 2.571903405499999522e-04
3.625000000000000000e+01 2.527014756499999966e-04
3.650000000000000000e+01 2.482833185499999846e-04
3.675000000000000000e+01 2.439348472500000155e-04
3.700000000000000000e+01 2.396549922999999878e-04
3.725000000000000000e+01 2.354426915499999769e-04
3.750000000000000000e+01 2.312969412499999821e-04
3.775000000000000000e+01 2.272166792499999974e-04
3.800000000000000000e+01 2.232009602000000002e-04
3.825000000000000000e+01 2.192488058999999851e-04
3.850000000000000000e+01 2.153592381500000011e-04
3.875000000000000000e+01 2.115313042999999841e-04
3.900000000000000000e+01 2.077640955000000097e-04
3.925000000000000000e+01 2.040566919499999963e-04
3.950000000000000000e+01 2.004081957499999865e-04
3.975000000000000000e+01 1.968177236000000240e-04
4.000000000000000000e+01 1.932843921999999630e-04
4.025000000000000000e+01 1.898073510999999922e-04
4.050000000000000000e+01 1.863857571499999628e-04
4.075000000000000000e+01 1.830187781499999905e-04
4.100000000000000000e+01 1.797055965000000032e-04
4.125000000000000000e+01 1.764454092000000381e-04
4.150000000000000000e+01 1.732374205499999842e-04
4.175000000000000000e+01 1.700808457999999955e-04
4.200000000000000000e+01 1.669749184500000179e-04
4.225000000000000000e+01 1.639188829499999911e-04
4.250000000000000000e+01 1.609119946999999849e-04
4.275000000000000000e+01 1.579535200500000087e-04
4.300000000000000000e+01 1.550427399500000194e-04
4.325000000000000000e+01 1.521789244000000063e-04
4.350000000000000000e+01 1.493613799000000032e-04
4.375000000000000000e+01 1.465894311999999975e-04
4.400000000000000000e+01 1.438623920999999829e-04
4.425000000000000000e+01 1.411795800499999868e-04
4.450000000000000000e+01 1.385403416999999855e-04
4.475000000000000000e+01 1.359440382999999833e-04
4.500000000000000000e+01 1.333900201499999905e-04
4.525000000000000000e+01 1.308776703999999999e-04
4.550000000000000000e+01 1.284063685500000244e-04
4.575000000000000000e+01 1.259754722000000070e-04
4.600000000000000000e+01 1.235844082999999988e-04
4.625000000000000000e+01 1.212325417500000112e-04
4.650000000000000000e+01 1.189193396500000106e-04
4.675000000000000000e+01 1.166441815000000099e-04
4.700000000000000000e+01 1.144065344000000026e-04
4.725000000000000000e+01 1.122058325999999859e-04
4.750000000000000000e+01 1.100415359000000070e-04
4.775000000000000000e+01 1.079130712499999948e-04
4.800000000000000000e+01 1.058199130500000112e-04
4.825000000000000000e+01 1.037615356999999826e-04
4.850000000000000000e+01 1.017374099500000043e-04
4.875000000000000000e+01 9.974704669999999256e-05
4.900000000000000000e+01 9.778994954999999816e-05
4.925000000000000000e+01 9.586560384999999592e-05
4.950000000000000000e+01 9.397350955000000256e-05
4.975000000000000000e+01 9.211319214999998963e-05
5.000000000000000000e+01 9.028416984999999579e-05
5.025000000000000000e+01 8.848599370000000163e-05
5.050000000000000000e+01 8.671821109999999419e-05
5.075000000000000000e+01 8.498034389999999214e-05
5.100000000000000000e+01 8.327192855000000186e-05
5.125000000000000000e+01 8.159254164999999945e-05
5.150000000000000000e+01 7.994175980000000161e-05
5.175000000000000000e+01 7.831915959999999799e-05
5.200000000000000000e+01 7.672429210000000983e-05
5.225000000000000000e+01 7.515674850000000093e-05
5.250000000000000000e+01 7.361610540000000159e-05
5.275000000000000000e+01 7.210199414999999949e-05
5.300000000000000000e+01 7.061399864999999847e-05
5.325000000000000000e+01 6.915171009999998943e-05
5.350000000000000000e+01 6.771474524999999945e-05
5.375000000000000000e+01 6.630273909999999621e-05
5.400000000000000000e+01 6.491531935000000096e-05
5.425000000000000000e+01 6.355208814999999882e-05
5.450000000000000000e+01 6.221268415000000523e-05
5.475000000000000000e+01 6.089676424999999660e-05
5.500000000000000000e+01 5.960397805000000290e-05
5.525000000000000000e+01 5.833394230000000374e-05
5.550000000000000000e+01 5.708633214999999750e-05
5.575000000000000000e+01 5.586081180000000186e-05
5.600000000000000000e+01 5.465704910000000099e-05
5.625000000000000000e+01 5.347468999999999741e-05
5.650000000000000000e+01 5.231341329999999659e-05
5.675000000000000000e+01 5.117292700000000656e-05
5.700000000000000000e+01 5.005288434999999661e-05
5.725000000000000000e+01 4.895297875000000060e-05
5.750000000000000000e+01 4.787290724999999848e-05
5.775000000000000000e+01 4.681237785000000507e-05
5.800000000000000000e+01 4.577106569999999839e-05
5.825000000000000000e+01 4.474867880000000679e-05
5.850000000000000000e+01 4.374495434999999346e-05
5.875000000000000000e+01 4.275957844999999838e-05
5.900000000000000000e+01 4.179227005000000345e-05
5.925000000000000000e+01 4.084276999999999927e-05
5.950000000000000000e+01 3.991078630000000066e-05
5.975000000000000000e+01 3.899604520000000371e-05
6.000000000000000000e+01 3.809829850000000001e-05
6.025000000000000000e+01 3.721726879999999888e-05
6.050000000000000000e+01 3.635269001499999913e-05
6.075000000000000000e+01 3.550432343500000538e-05
6.100000000000000000e+01 3.467191246500000236e-05
6.125000000000000000e+01 3.385519393999999863e-05
6.150000000000000000e+01 3.305394119499999921e-05
6.175000000000000000e+01 3.226790749000000392e-05
6.200000000000000000e+01 3.149684243499999874e-05
6.225000000000000000e+01 3.074052921999999701e-05
6.250000000000000000e+01 2.999872585000000168e-05
6.275000000000000000e+01 2.927120018500000036e-05
6.300000000000000000e+01 2.855774125500000214e-05
6.325000000000000000e+01 2.785811472999999915e-05
6.350000000000000000e+01 2.717210051500000309e-05
6.375000000000000000e+01 2.649949895499999900e-05
6.400000000000000000e+01 2.584008155999999509e-05
6.425000000000000000e+01 2.519363699500000182e-05
6.450000000000000000e+01 2.455997874500000401e-05
6.475000000000000000e+01 2.393887905000000049e-05
6.500000000000000000e+01 2.333015066499999907e-05
6.525000000000000000e+01 2.273359649000000263e-05
6.550000000000000000e+01 2.214901030000000309e-05
6.575000000000000000e+01 2.157621470499999965e-05
6.600000000000000000e+01 2.101500931999999693e-05
6.625000000000000000e+01 2.046520434500000184e-05
6.650000000000000000e+01 1.992663297499999895e-05
6.675000000000000000e+01 1.939909007999999992e-05
6.700000000000000000e+01 1.888241506000000068e-05
6.725000000000000000e+01 1.837642286000000112e-05
6.750000000000000000e+01 1.788093645500000252e-05
6.775000000000000000e+01 1.739579816500000039e-05
6.800000000000000000e+01 1.692082110999999786e-05
6.825000000000000000e+01 1.645585126000000093e-05
6.850000000000000000e+01 1.600071925500000004e-05
6.875000000000000000e+01 1.555525938499999948e-05
6.900000000000000000e+01 1.511932528499999783e-05
6.925000000000000000e+01 1.469274175499999821e-05
6.950000000000000000e+01 1.427536790499999966e-05
6.975000000000000000e+01 1.386704496000000169e-05
7.000000000000000000e+01 1.346761815999999941e-05
7.025000000000000000e+01 1.307694990000000197e-05
7.050000000000000000e+01 1.269488140500000041e-05
7.075000000000000000e+01 1.232127944999999987e-05
7.100000000000000000e+01 1.195599328999999955e-05
7.125000000000000000e+01 1.159888751000000067e-05
7.150000000000000000e+01 1.124982231500000170e-05
7.175000000000000000e+01 1.090865864000000185e-05
7.200000000000000000e+01 1.057527055999999844e-05
7.225000000000000000e+01 1.024951535999999884e-05
7.250000000000000000e+01 9.931272224999998770e-06
7.275000000000000000e+01 9.620405010000000425e-06
7.300000000000000000e+01 9.316792534999999173e-06
7.325000000000000000e+01 9.020307779999999694e-06
7.350000000000000000e+01 8.730825184999999682e-06
7.375000000000000000e+01 8.448229045000000076e-06
7.400000000000000000e+01 8.172394165000000635e-06
7.425000000000000000e+01 7.903210314999999396e-06
7.450000000000000000e+01 7.640552665000001570e-06
7.475000000000000000e+01 7.384314999999999958e-06
7.500000000000000000e+01 7.134377965000001105e-06
7.525000000000000000e+01 6.890636075000000247e-06
7.550000000000000000e+01 6.652976544999999598e-06
7.575000000000000000e+01 6.421292795000000056e-06
7.600000000000000000e+01 6.195479704999999771e-06
7.625000000000000000e+01 5.975429600000000222e-06
7.650000000000000000e+01 5.761043565000000785e-06
7.675000000000000000e+01 5.552215750000001408e-06
7.700000000000000000e+01 5.348851254999998771e-06
7.725000000000000000e+01 5.150846054999999761e-06
7.750000000000000000e+01 4.958108534999999317e-06
7.775000000000000000e+01 4.770537589999999669e-06
7.800000000000000000e+01 4.588044524999999574e-06
7.825000000000000000e+01 4.410530790000000472e-06
7.850000000000000000e+01 4.237910609999999852e-06
7.875000000000000000e+01 4.070088719999999108e-06
7.900000000000000000e+01 3.906980804999999753e-06
7.925000000000000000e+01 3.748495615000000487e-06
7.950000000000000000e+01 3.594550696499999466e-06
7.975000000000000000e+01 3.445058303499999629e-06
8.000000000000000000e+01 3.299936968000000219e-06
8.025000000000000000e+01 3.159102849499999760e-06
8.050000000000000000e+01 3.022476232000000040e-06
8.075000000000000000e+01 2.889976231499999877e-06
8.100000000000000000e+01 2.761525102999999845e-06
8.125000000000000000e+01 2.637044700000000275e-06
8.150000000000000000e+01 2.516459467500000155e-06
8.175000000000000000e+01 2.399693704499999849e-06
8.200000000000000000e+01 2.286674009499999855e-06
8.225000000000000000e+01 2.177327054000000407e-06
8.250000000000000000e+01 2.071581699499999731e-06
8.275000000000000000e+01 1.969366734500000131e-06
8.300000000000000000e+01 1.870613247000000019e-06
8.325000000000000000e+01 1.775252142499999955e-06
8.350000000000000000e+01 1.683216771999999891e-06
8.375000000000000000e+01 1.594439902499999781e-06
8.400000000000000000e+01 1.508857148000000057e-06
8.425000000000000000e+01 1.426403063999999694e-06
8.450000000000000000e+01 1.347015600499999977e-06
8.475000000000000000e+01 1.270630955500000068e-06
8.500000000000000000e+01 1.197189232500000010e-06
8.525000000000000000e+01 1.126628564000000003e-06
8.550000000000000000e+01 1.058890878500000038e-06
8.575000000000000000e+01 9.939162795000001579e-07
8.600000000000000000e+01 9.316484109999998553e-07
8.625000000000000000e+01 8.720292745000000225e-07
8.650000000000000000e+01 8.150042660000000485e-07
8.675000000000000000e+01 7.605172485000000080e-07
8.700000000000000000e+01 7.085152604999999013e-07
8.725000000000000000e+01 6.589438440000000703e-07
8.750000000000000000e+01 6.117517165000000412e-07
8.775000000000000000e+01 5.668865734999999741e-07
8.800000000000000000e+01 5.242981545000000318e-07
8.825000000000000000e+01 4.839362720000000071e-07
8.850000000000000000e+01 4.457518699999999851e-07
8.875000000000000000e+01 4.096967320000000262e-07
8.900000000000000000e+01 3.757229700000000058e-07
8.925000000000000000e+01 3.437842216999999762e-07
8.950000000000000000e+01 3.138339934000000108e-07
8.975000000000000000e+01 2.858274849999999949e-07
9.000000000000000000e+01 2.597196044000000251e-07
9.025000000000000000e+01 2.354670480000000154e-07
9.050000000000000000e+01 2.130261727500000091e-07
9.075000000000000000e+01 1.923550073000000148e-07
9.100000000000000000e+01 1.734115875999999989e-07
9.125000000000000000e+01 1.561549788999999926e-07
9.150000000000000000e+01 1.405448377500000125e-07
9.175000000000000000e+01 1.265413791499999989e-07
9.200000000000000000e+01 1.141057342499999917e-07
9.225000000000000000e+01 1.031993225500000125e-07
9.250000000000000000e+01 9.378462205000000513e-08
9.275000000000000000e+01 8.582428959999998785e-08
9.300000000000000000e+01 7.928201135000000426e-08
9.325000000000000000e+01 7.412184209999999790e-08
9.350000000000000000e+01 7.030850825000000070e-08
9.375000000000000000e+01 6.780737494999999259e-08
9.400000000000000000e+01 6.658429645000000188e-08
9.425000000000000000e+01 6.660582779999998910e-08
9.450000000000000000e+01 6.783898395000000019e-08
9.475000000000000000e+01 7.025138574999999463e-08
9.500000000000000000e+01 7.381127820000000430e-08
9.525000000000000000e+01 7.848728590000000343e-08
9.550000000000000000e+01 8.424877805000001499e-08
9.575000000000000000e+01 9.106549614999998048e-08
9.600000000000000000e+01 9.890777299999999844e-08
9.625000000000000000e+01 1.077465399999999909e-07
9.650000000000000000e+01 1.175529511999999916e-07
9.675000000000000000e+01 1.282991133000000010e-07
9.700000000000000000e+01 1.399571111000000144e-07
9.725000000000000000e+01 1.524999857000000127e-07
9.750000000000000000e+01 1.659010008499999955e-07
9.775000000000000000e+01 1.801338619500000083e-07
9.800000000000000000e+01 1.951731066000000076e-07
9.825000000000000000e+01 2.109930059499999999e-07
9.850000000000000000e+01 2.275691634000000333e-07
9.875000000000000000e+01 2.448769122500000023e-07
9.900000000000000000e+01 2.628924691000000246e-07
9.925000000000000000e+01 2.815924739499999595e-07
9.950000000000000000e+01 3.009534171499999650e-07
9.975000000000000000e+01 3.209532271500000372e-07
1.000000000000000000e+02 3.415690658999999858e-07
1.002500000000000000e+02 3.627795699499999613e-07
1.005000000000000000e+02 3.845633064999999742e-07
1.007500000000000000e+02 4.068988244999999949e-07
1.010000000000000000e+02 4.297662205000000704e-07
1.012500000000000000e+02 4.531443975000000103e-07
1.015000000000000000e+02 4.770141930000000771e-07
1.017500000000000000e+02 5.013560065000000033e-07
1.020000000000000000e+02 5.261502739999999713e-07
1.022500000000000000e+02 5.513790374999999543e-07
1.025000000000000000e+02 5.770229155000000026e-07
1.027500000000000000e+02 6.030647530000000377e-07
1.030000000000000000e+02 6.294867014999999534e-07
1.032500000000000000e+02 6.562708030000000405e-07
1.035000000000000000e+02 6.834011434999998517e-07
1.037500000000000000e+02 7.108597650000001012e-07
1.040000000000000000e+02 7.386313739999998926e-07
1.042500000000000000e+02 7.666998010000000224e-07
1.045000000000000000e+02 7.950486574999999630e-07
1.047500000000000000e+02 8.236636354999999049e-07
1.050000000000000000e+02 8.525284924999999559e-07
1.052500000000000000e+02 8.816293584999999897e-07
1.055000000000000000e+02 9.109518159999999579e-07
1.057500000000000000e+02 9.404806810000001557e-07
1.060000000000000000e+02 9.702032879999999022e-07
1.062500000000000000e+02 1.000105329000000129e-06
1.065000000000000000e+02 1.030173554500000049e-06
1.067500000000000000e+02 1.060395700500000066e-06
1.070000000000000000e+02 1.090757495499999817e-06
1.072500000000000000e+02 1.121247952999999945e-06
1.075000000000000000e+02 1.151854407499999982e-06
1.077500000000000000e+02 1.182564157000000014e-06
1.080000000000000000e+02 1.213366799000000054e-06
1.082500000000000000e+02 1.244249594999999895e-06
1.085000000000000000e+02 1.275202215499999921e-06
1.087500000000000000e+02 1.306213965999999929e-06
1.090000000000000000e+02 1.337272618999999769e-06
1.092500000000000000e+02 1.368369487500000011e-06
1.095000000000000000e+02 1.399493731000000134e-06
1.097500000000000000e+02 1.430634435999999885e-06
1.100000000000000000e+02 1.461783462999999755e-06
1.102500000000000000e+02 1.492929788999999885e-06
1.105000000000000000e+02 1.524064799999999945e-06
1.107500000000000000e+02 1.555180028000000135e-06
1.110000000000000000e+02 1.586264632499999934e-06
1.112500000000000000e+02 1.617312006999999996e-06
1.115000000000000000e+02 1.648313026500000147e-06
1.117500000000000000e+02 1.679258164500000188e-06
1.120000000000000000e+02 1.710141289000000109e-06
1.122500000000000000e+02 1.740953566999999951e-06
1.125000000000000000e+02 1.771686640000000151e-06
1.127500000000000000e+02 1.802334850500000039e-06
1.130000000000000000e+02 1.832888781500000076e-06
1.132500000000000000e+02 1.863342666000000203e-06
1.135000000000000000e+02 1.893690006999999825e-06
1.137500000000000000e+02 1.923921825499999937e-06
1.140000000000000000e+02 1.954034033500000108e-06
1.142500000000000000e+02 1.984019403999999639e-06
1.145000000000000000e+02 2.013870198999999895e-06
1.147500000000000000e+02 2.043582695499999970e-06
1.150000000000000000e+02 2.073150031500000173e-06
1.152500000000000000e+02 2.102565308500000094e-06
1.155000000000000000e+02 2.131824949499999572e-06
1.157500000000000000e+02 2.160922493999999997e-06
1.160000000000000000e+02 2.189851846500000172e-06
1.162500000000000000e+02 2.218610013999999931e-06
1.165000000000000000e+02 2.247189915500000376e-06
1.167500000000000000e+02 2.275587535999999966e-06
1.170000000000000000e+02 2.303799480999999993e-06
1.172500000000000000e+02 2.331818304499999916e-06
1.175000000000000000e+02 2.359642071999999971e-06
1.177500000000000000e+02 2.387266622499999992e-06
1.180000000000000000e+02 2.414685057499999996e-06
1.182500000000000000e+02 2.441896537500000061e-06
1.185000000000000000e+02 2.468896317500000021e-06
1.187500000000000000e+02 2.495678593999999735e-06
1.190000000000000000e+02 2.522242929000000367e-06
1.192500000000000000e+02 2.548584322000000135e-06
1.195000000000000000e+02 2.574697881999999828e-06
1.197500000000000000e+02 2.600583390000000238e-06
1.200000000000000000e+02 2.626236283500000114e-06
1.202500000000000000e+02 2.651651854000000006e-06
1.205000000000000000e+02 2.676830356999999834e-06
1.207500000000000000e+02 2.701767522000000255e-06
1.210000000000000000e+02 2.726458968999999777e-06
1.212500000000000000e+02 2.750905318500000390e-06
1.215000000000000000e+02 2.775102591999999994e-06
1.217500000000000000e+02 2.799046665000000410e-06
1.220000000000000000e+02 2.822738559499999628e-06
1.222500000000000000e+02 2.846174588999999575e-06
1.225000000000000000e+02 2.869350848000000007e-06
1.227500000000000000e+02 2.892268759999999999e-06
1.230000000000000000e+02 2.914924857500000261e-06
1.232500000000000000e+02 2.937315526999999491e-06
1.235000000000000000e+02 2.959442520500000232e-06
1.237500000000000000e+02 2.981302552999999991e-06
1.240000000000000000e+02 3.002892302999999796e-06
1.242500000000000000e+02 3.024213887500000020e-06
1.245000000000000000e+02 3.045264130999999890e-06
1.247500000000000000e+02 3.066040003999999800e-06
1.250000000000000000e+02 3.086544024999999939e-06
1.252500000000000000e+02 3.106772981999999666e-06
1.255000000000000000e+02 3.126724283499999904e-06
1.257500000000000000e+02 3.146400521000000153e-06
1.260000000000000000e+02 3.165799103000000067e-06
1.262500000000000000e+02 3.184917182499999799e-06
1.265000000000000000e+02 3.203757497000000015e-06
1.267500000000000000e+02 3.222318586500000079e-06
1.270000000000000000e+02 3.240596801000000089e-06
1.272500000000000000e+02 3.258595133500000210e-06
1.275000000000000000e+02 3.276313036499999885e-06
1.277500000000000000e+02 3.293746933000000220e-06
1.280000000000000000e+02 3.310899085999999789e-06
1.282500000000000000e+02 3.327769823999999943e-06
1.285000000000000000e+02 3.344356811000000255e-06
1.287500000000000000e+02 3.360660193000000195e-06
1.290000000000000000e+02 3.376681868000000085e-06
1.292500000000000000e+02 3.392420156999999656e-06
1.295000000000000000e+02 3.407874037999999648e-06
1.297500000000000000e+02 3.423046540500000093e-06
1.300000000000000000e+02 3.437936167999999638e-06
1.302500000000000000e+02 3.452541168499999551e-06
1.305000000000000000e+02 3.466865812499999601e-06
1.307500000000000000e+02 3.480908056000000419e-06
1.310000000000000000e+02 3.494666511999999833e-06
1.312500000000000000e+02 3.508145304999999411e-06
1.315000000000000000e+02 3.521343741499999972e-06
1.317500000000000000e+02 3.534259084000000003e-06
1.320000000000000000e+02 3.546895457000000226e-06
1.322500000000000000e+02 3.559253444499999794e-06
1.325000000000000000e+02 3.571331549999999896e-06
1.327500000000000000e+02 3.583130503500000428e-06
1.330000000000000000e+02 3.594653298000000281e-06
1.332500000000000000e+02 3.605899167000000117e-06
1.335000000000000000e+02 3.616867125000000120e-06
1.337500000000000000e+02 3.627561917000000031e-06
1.340000000000000000e+02 3.637981973500000034e-06
1.342500000000000000e+02 3.648126454999999360e-06
1.345000000000000000e+02 3.658000070000000425e-06
1.347500000000000000e+02 3.667602490000000184e-06
1.350000000000000000e+02 3.676932255000000541e-06
1.352500000000000000e+02 3.685992649999999753e-06
1.355000000000000000e+02 3.694785499999999677e-06
1.357500000000000000e+02 3.703310074999999993e-06
1.360000000000000000e+02 3.711567104999999751e-06
1.362500000000000000e+02 3.719560240000000119e-06
1.365000000000000000e+02 3.727289115000000303e-06
1.367500000000000000e+02 3.734752634999999614e-06
1.370000000000000000e+02 3.741956639999999754e-06
1.372500000000000000e+02 3.748900399999999981e-06
1.375000000000000000e+02 3.755582820000000029e-06
1.377500000000000000e+02 3.762007550000000220e-06
1.380000000000000000e+02 3.768176414999999870e-06
1.382500000000000000e+02 3.774090145000000144e-06
1.385000000000000000e+02 3.779747644999999928e-06
1.387500000000000000e+02 3.785155120000000027e-06
1.390000000000000000e+02 3.790310744999999854e-06
1.392500000000000000e+02 3.795214519999999834e-06
1.395000000000000000e+02 3.799871190000000133e-06
1.397500000000000000e+02 3.804281850000000169e-06
1.400000000000000000e+02 3.808446499999999943e-06
1.402500000000000000e+02 3.812365869999999773e-06
1.405000000000000000e+02 3.816044705000000249e-06
1.407500000000000000e+02 3.819482274999999782e-06
1.410000000000000000e+02 3.822678945000000013e-06
1.412500000000000000e+02 3.825639095000000314e-06
1.415000000000000000e+02 3.828363819999999256e-06
1.417500000000000000e+02 3.830853120000000229e-06
1.420000000000000000e+02 3.833108090000000109e-06
1.422500000000000000e+02 3.835133839999999859e-06
1.425000000000000000e+02 3.836929640000000428e-06
1.427500000000000000e+02 3.838495125000000601e-06
1.430000000000000000e+02 3.839836135000000384e-06
1.432500000000000000e+02 3.840953035000000150e-06
1.435000000000000000e+02 3.841845825000000745e-06
1.437500000000000000e+02 3.842516329999999789e-06
1.440000000000000000e+02 3.842969295000000414e-06
1.442500000000000000e+02 3.843203624999999812e-06
1.445000000000000000e+02 3.843220050000000419e-06
1.447500000000000000e+02 3.843023679999999807e-06
1.450000000000000000e+02 3.842615244999999567e-06
1.452500000000000000e+02 3.841994744999999697e-06
1.455000000000000000e+02 3.841164004999999513e-06
1.457500000000000000e+02 3.840128134999999974e-06
1.460000000000000000e+02 3.838886039999999968e-06
1.462500000000000000e+02 3.837438084999999866e-06
1.465000000000000000e+02 3.835789379999999781e-06
1.467500000000000000e+02 3.833941019999999979e-06
1.470000000000000000e+02 3.831893734999999510e-06
1.472500000000000000e+02 3.829647889999999590e-06
1.475000000000000000e+02 3.827209325000000228e-06
1.477500000000000000e+02 3.824578039999999732e-06
1.480000000000000000e+02 3.821753670000000270e-06
1.482500000000000000e+02 3.818739500000000100e-06
1.485000000000000000e+02 3.815539180000000393e-06
1.487500000000000000e+02 3.812153075000000249e-06
1.490000000000000000e+02 3.808580820000000567e-06
1.492500000000000000e+02 3.804827525000000191e-06
1.495000000000000000e+02 3.800895015000000130e-06
1.497500000000000000e+02 3.796782924999999587e-06
1.500000000000000000e+02 3.792492715000000049e-06
1.502500000000000000e+02 3.788029494999999934e-06
1.505000000000000000e+02 3.783393629999999614e-06
1.507500000000000000e+02 3.778584755000000412e-06
1.510000000000000000e+02 3.773605790000000213e-06
1.512500000000000000e+02 3.768461480000000455e-06
1.515000000000000000e+02 3.763150730000000025e-06
1.517500000000000000e+02 3.757674270000000088e-06
1.520000000000000000e+02 3.752036844999999963e-06
1.522500000000000000e+02 3.746239914999999864e-06
1.525000000000000000e+02 3.740284209999999686e-06
1.527500000000000000e+02 3.734169729999999853e-06
1.530000000000000000e+02 3.727902314999999527e-06
1.532500000000000000e+02 3.721482329999999925e-06
1.535000000000000000e+02 3.714910140000000148e-06
1.537500000000000000e+02 3.708187204999999563e-06
1.540000000000000000e+02 3.701319000000000349e-06
1.542500000000000000e+02 3.694304429999999698e-06
1.545000000000000000e+02 3.687144589999999995e-06
1.547500000000000000e+02 3.679842035000000025e-06
1.550000000000000000e+02 3.672400780000000483e-06
1.552500000000000000e+02 3.664820825000000098e-06
1.555000000000000000e+02 3.657101805000000193e-06
1.557500000000000000e+02 3.649248793500000166e-06
1.560000000000000000e+02 3.641263250499999810e-06
1.562500000000000000e+02 3.633145942499999732e-06
1.565000000000000000e+02 3.624896978999999961e-06
1.567500000000000000e+02 3.616521251000000132e-06
1.570000000000000000e+02 3.608019780499999929e-06
1.572500000000000000e+02 3.599393407000000546e-06
1.575000000000000000e+02 3.590642422500000076e-06
1.577500000000000000e+02 3.581771973500000195e-06
1.580000000000000000e+02 3.572782461499999871e-06
1.582500000000000000e+02 3.563674762500000164e-06
1.585000000000000000e+02 3.554449570000000255e-06
1.587500000000000000e+02 3.545111921000000098e-06
1.590000000000000000e+02 3.535661852000000409e-06
1.592500000000000000e+02 3.526100238999999705e-06
1.595000000000000000e+02 3.516428176999999948e-06
1.597500000000000000e+02 3.506650520500000059e-06
1.600000000000000000e+02 3.496766977499999826e-06
1.602500000000000000e+02 3.486778387499999595e-06
1.605000000000000000e+02 3.476686320000000454e-06
1.607500000000000000e+02 3.466495300999999973e-06
1.610000000000000000e+02 3.456204928999999608e-06
1.612500000000000000e+02 3.445816006999999413e-06
1.615000000000000000e+02 3.435330250499999947e-06
1.617500000000000000e+02 3.424752149000000184e-06
1.620000000000000000e+02 3.414081045499999964e-06
1.622500000000000000e+02 3.403317852499999791e-06
1.625000000000000000e+02 3.392464321999999669e-06
1.627500000000000000e+02 3.381524833999999815e-06
1.630000000000000000e+02 3.370498694999999778e-06
1.632500000000000000e+02 3.359386708000000037e-06
1.635000000000000000e+02 3.348190807500000355e-06
1.637500000000000000e+02 3.336915118000000183e-06
1.640000000000000000e+02 3.325558982500000208e-06
1.642500000000000000e+02 3.314123313500000088e-06
1.645000000000000000e+02 3.302609826499999957e-06
1.647500000000000000e+02 3.291022609500000246e-06
1.650000000000000000e+02 3.279361078500000105e-06
1.652500000000000000e+02 3.267626146000000040e-06
1.655000000000000000e+02 3.255819308500000132e-06
1.657500000000000000e+02 3.243944617500000096e-06
1.660000000000000000e+02 3.232001671499999694e-06
1.662500000000000000e+02 3.219991382999999428e-06
1.665000000000000000e+02 3.207914846999999990e-06
1.667500000000000000e+02 3.195776261000000142e-06
1.670000000000000000e+02 3.183575259999999935e-06
1.672500000000000000e+02 3.171312902499999769e-06
1.675000000000000000e+02 3.158989809000000359e-06
1.677500000000000000e+02 3.146610177000000044e-06
1.680000000000000000e+02 3.134173970000000650e-06
1.682500000000000000e+02 3.121682173499999452e-06
1.685000000000000000e+02 3.109135042999999760e-06
1.687500000000000000e+02 3.096536666499999885e-06
1.690000000000000000e+02 3.083887445500000066e-06
1.692500000000000000e+02 3.071188146499999643e-06
1.695000000000000000e+02 3.058438952000000072e-06
1.697500000000000000e+02 3.045643585000000141e-06
1.700000000000000000e+02 3.032802921500000485e-06
1.702500000000000000e+02 3.019917545500000260e-06
1.705000000000000000e+02 3.006987566499999492e-06
1.707500000000000000e+02 2.994016123499999933e-06
1.710000000000000000e+02 2.981005114499999361e-06
1.712500000000000000e+02 2.967954429999999868e-06
1.715000000000000000e+02 2.954864361999999548e-06
1.717500000000000000e+02 2.941737100500000205e-06
1.720000000000000000e+02 2.928575821000000494e-06
1.722500000000000000e+02 2.915379684000000069e-06
1.725000000000000000e+02 2.902149675000000016e-06
1.727500000000000000e+02 2.888886852500000311e-06
1.730000000000000000e+02 2.875594720500000113e-06
1.732500000000000000e+02 2.862272913999999897e-06
1.735000000000000000e+02 2.848922345500000167e-06
1.737500000000000000e+02 2.835543306999999441e-06
1.740000000000000000e+02 2.822139302500000266e-06
1.742500000000000000e+02 2.808710733499999917e-06
1.745000000000000000e+02 2.795258074500000060e-06
1.747500000000000000e+02 2.781781617500000063e-06
1.750000000000000000e+02 2.768284100000000589e-06
1.752500000000000000e+02 2.754767091500000187e-06
1.755000000000000000e+02 2.741230445999999808e-06
1.757500000000000000e+02 2.727674419000000220e-06
1.760000000000000000e+02 2.714100835499999892e-06
1.762500000000000000e+02 2.700512651999999965e-06
1.765000000000000000e+02 2.686909138500000121e-06
1.767500000000000000e+02 2.673291207500000017e-06
1.770000000000000000e+02 2.659659369999999919e-06
1.772500000000000000e+02 2.646016764999999885e-06
1.775000000000000000e+02 2.632363465500000072e-06
1.777500000000000000e+02 2.618700055500000059e-06
1.780000000000000000e+02 2.605026717500000031e-06
1.782500000000000000e+02 2.591345933499999887e-06
1.785000000000000000e+02 2.577659199999999707e-06
1.787500000000000000e+02 2.563966042499999940e-06
1.790000000000000000e+02 2.550267081500000033e-06
1.792500000000000000e+02 2.536563667500000172e-06
1.795000000000000000e+02 2.522858465000000017e-06
1.797500000000000000e+02 2.509150999500000018e-06
1.800000000000000000e+02 2.495442037499999937e-06
1.802500000000000000e+02 2.481731761499999960e-06
1.805000000000000000e+02 2.468022945499999773e-06
1.807500000000000000e+02 2.454316100500000065e-06
1.810000000000000000e+02 2.440611445500000044e-06
1.812500000000000000e+02 2.426909126500000026e-06
1.815000000000000000e+02 2.413210603500000225e-06
1.817500000000000000e+02 2.399518358500000116e-06
1.820000000000000000e+02 2.385831624999999936e-06
1.822500000000000000e+02 2.372151278999999898e-06
1.825000000000000000e+02 2.358477539500000054e-06
1.827500000000000000e+02 2.344813071000000066e-06
1.830000000000000000e+02 2.331158056000000119e-06
1.832500000000000000e+02 2.317512786500000001e-06
1.835000000000000000e+02 2.303877408500000030e-06
1.837500000000000000e+02 2.290253345499999705e-06
1.840000000000000000e+02 2.276642714500000248e-06
1.842500000000000000e+02 2.263044785500000068e-06
1.845000000000000000e+02 2.249460397999999936e-06
1.847500000000000000e+02 2.235889734500000035e-06
1.850000000000000000e+02 2.222335276999999841e-06
1.852500000000000000e+02 2.208797171499999672e-06
1.855000000000000000e+02 2.195275673499999871e-06
1.857500000000000000e+02 2.181770819499999884e-06
1.860000000000000000e+02 2.168283740999999843e-06
1.862500000000000000e+02 2.154816701000000019e-06
1.865000000000000000e+02 2.141368933000000222e-06
1.867500000000000000e+02 2.127941240000000086e-06
1.870000000000000000e+02 2.114533622000000032e-06
1.872500000000000000e+02 2.101148232500000303e-06
1.875000000000000000e+02 2.087785546000000026e-06
1.877500000000000000e+02 2.074445343499999993e-06
1.880000000000000000e+02 2.061127989999999731e-06
1.882500000000000000e+02 2.047834361499999874e-06
1.885000000000000000e+02 2.034566429000000056e-06
1.887500000000000000e+02 2.021323863999999773e-06
1.890000000000000000e+02 2.008107031500000243e-06
1.892500000000000000e+02 1.994916077500000090e-06
1.895000000000000000e+02 1.981752242999999899e-06
1.897500000000000000e+02 1.968616987999999882e-06
1.900000000000000000e+02 1.955509546000000278e-06
1.902500000000000000e+02 1.942430793000000028e-06
1.905000000000000000e+02 1.929380692499999689e-06
1.907500000000000000e+02 1.916361215500000163e-06
1.910000000000000000e+02 1.903372617500000313e-06
1.912500000000000000e+02 1.890414715999999953e-06
1.915000000000000000e+02 1.877487620499999957e-06
1.917500000000000000e+02 1.864592243499999982e-06
1.920000000000000000e+02 1.851730264000000083e-06
1.922500000000000000e+02 1.838901353499999757e-06
1.925000000000000000e+02 1.826105767499999984e-06
1.927500000000000000e+02 1.813343615500000155e-06
1.930000000000000000e+02 1.800615773500000060e-06
1.932500000000000000e+02 1.787923665000000257e-06
1.935000000000000000e+02 1.775266705999999685e-06
1.937500000000000000e+02 1.762645480499999829e-06
1.940000000000000000e+02 1.750059915500000106e-06
1.942500000000000000e+02 1.737511434500000014e-06
1.945000000000000000e+02 1.725000767499999874e-06
1.947500000000000000e+02 1.712527111500000053e-06
1.950000000000000000e+02 1.700091305999999839e-06
1.952500000000000000e+02 1.687693387500000158e-06
1.955000000000000000e+02 1.675334889000000113e-06
1.957500000000000000e+02 1.663015956499999809e-06
1.960000000000000000e+02 1.650736334500000173e-06
1.962500000000000000e+02 1.638496095999999882e-06
1.965000000000000000e+02 1.626295970999999888e-06
1.967500000000000000e+02 1.614137237000000009e-06
1.970000000000000000e+02 1.602019711500000060e-06
1.972500000000000000e+02 1.589943504000000066e-06
1.975000000000000000e+02 1.577908468500000135e-06
1.977500000000000000e+02 1.565915262000000212e-06
1.980000000000000000e+02 1.553965271499999931e-06
1.982500000000000000e+02 1.542058022499999953e-06
1.985000000000000000e+02 1.530193770499999985e-06
1.987500000000000000e+02 1.518372442500000082e-06
1.990000000000000000e+02 1.506594622499999821e-06
1.992500000000000000e+02 1.494861514999999917e-06
1.995000000000000000e+02 1.483172608999999683e-06
1.997500000000000000e+02 1.471528160000000309e-06
2.000000000000000000e+02 1.459928168000000102e-06
2.002500000000000000e+02 1.448373326500000147e-06
2.005000000000000000e+02 1.436864474999999944e-06
2.007500000000000000e+02 1.425401102500000074e-06
2.010000000000000000e+02 1.413983610499999928e-06
2.012500000000000000e+02 1.402611889500000115e-06
2.015000000000000000e+02 1.391286669500000108e-06
2.017500000000000000e+02 1.380008680499999800e-06
2.020000000000000000e+02 1.368777374999999906e-06
2.022500000000000000e+02 1.357593081500000083e-06
2.025000000000000000e+02 1.346455800000000118e-06
2.027500000000000000e+02 1.335366260500000119e-06
2.030000000000000000e+02 1.324324973999999927e-06
2.032500000000000000e+02 1.313331393000000045e-06
2.035000000000000000e+02 1.302385992000000024e-06
2.037500000000000000e+02 1.291488588499999889e-06
2.040000000000000000e+02 1.280639949000000038e-06
2.042500000000000000e+02 1.269840511499999944e-06
2.045000000000000000e+02 1.259089764999999975e-06
2.047500000000000000e+02 1.248388074499999868e-06
2.050000000000000000e+02 1.237735330500000020e-06
2.052500000000000000e+02 1.227132153500000087e-06
2.055000000000000000e+02 1.216579018000000043e-06
2.057500000000000000e+02 1.206075449500000127e-06
2.060000000000000000e+02 1.195621703500000047e-06
2.062500000000000000e+02 1.185217706999999856e-06
2.065000000000000000e+02 1.174863934499999952e-06
2.067500000000000000e+02 1.164560970000000124e-06
2.070000000000000000e+02 1.154308266000000027e-06
2.072500000000000000e+02 1.144106078000000006e-06
2.075000000000000000e+02 1.133954259999999955e-06
2.077500000000000000e+02 1.123853213499999899e-06
2.080000000000000000e+02 1.113803558999999921e-06
2.082500000000000000e+02 1.103804821999999834e-06
2.085000000000000000e+02 1.093857148500000167e-06
2.087500000000000000e+02 1.083960392499999968e-06
2.090000000000000000e+02 1.074114736500000057e-06
2.092500000000000000e+02 1.064321019999999932e-06
2.095000000000000000e+02 1.054578731999999964e-06
2.097500000000000000e+02 1.044887981999999967e-06
2.100000000000000000e+02 1.035248441499999861e-06
2.102500000000000000e+02 1.025660438999999939e-06
2.105000000000000000e+02 1.016124668000000015e-06
2.107500000000000000e+02 1.006640836499999878e-06
2.110000000000000000e+02 9.972087254999998970e-07
2.112500000000000000e+02 9.878281524999998878e-07
2.115000000000000000e+02 9.784994459999999297e-07
2.117500000000000000e+02 9.692231170000000765e-07
2.120000000000000000e+02 9.599991290000000369e-07
2.122500000000000000e+02 9.508267884999999952e-07
2.125000000000000000e+02 9.417065335000000579e-07
2.127500000000000000e+02 9.326381815000000395e-07
2.130000000000000000e+02 9.236223164999998349e-07
2.132500000000000000e+02 9.146588655000000264e-07
2.135000000000000000e+02 9.057473175000000308e-07
2.137500000000000000e+02 8.968880010000000340e-07
2.140000000000000000e+02 8.880806970000000886e-07
2.142500000000000000e+02 8.793256610000001155e-07
2.145000000000000000e+02 8.706231849999999035e-07
2.147500000000000000e+02 8.619728309999999812e-07
2.150000000000000000e+02 8.533746355000000046e-07
2.152500000000000000e+02 8.448284889999999471e-07
2.155000000000000000e+02 8.363343550000000468e-07
2.157500000000000000e+02 8.278928174999999870e-07
2.160000000000000000e+02 8.195035114999999260e-07
2.162500000000000000e+02 8.111662180000001281e-07
2.165000000000000000e+02 8.028807544999999843e-07
2.167500000000000000e+02 7.946473034999999977e-07
2.170000000000000000e+02 7.864662300000001159e-07
2.172500000000000000e+02 7.783373879999999153e-07
2.175000000000000000e+02 7.702601569999999507e-07
2.177500000000000000e+02 7.622349020000000639e-07
2.180000000000000000e+02 7.542613675000000163e-07
2.182500000000000000e+02 7.463397724999999670e-07
2.185000000000000000e+02 7.384702265000000485e-07
2.187500000000000000e+02 7.306522914999999426e-07
2.190000000000000000e+02 7.228860404999999140e-07
2.192500000000000000e+02 7.151712544999999095e-07
2.195000000000000000e+02 7.075078970000000614e-07
2.197500000000000000e+02 6.998963695000000790e-07
2.200000000000000000e+02 6.923363434999999885e-07
2.202500000000000000e+02 6.848275270000000010e-07
2.205000000000000000e+02 6.773698104999999842e-07
2.207500000000000000e+02 6.699632305000000174e-07
2.210000000000000000e+02 6.626080059999999422e-07
2.212500000000000000e+02 6.553040275000000495e-07
2.215000000000000000e+02 6.480507474999999945e-07
2.217500000000000000e+02 6.408483850000000422e-07
2.220000000000000000e+02 6.336967209999999275e-07
2.222500000000000000e+02 6.265956460000000473e-07
2.225000000000000000e+02 6.195454884999999522e-07
2.227500000000000000e+02 6.125458469999999327e-07
2.230000000000000000e+02 6.055965754999999885e-07
2.232500000000000000e+02 5.986973454999999339e-07
2.235000000000000000e+02 5.918483394999999545e-07
2.237500000000000000e+02 5.850495940000000239e-07
2.240000000000000000e+02 5.783010725000000625e-07
2.242500000000000000e+02 5.716021544999999901e-07
2.245000000000000000e+02 5.649530224999999922e-07
2.247500000000000000e+02 5.583534939999999891e-07
2.250000000000000000e+02 5.518034594999999542e-07
2.252500000000000000e+02 5.453030649999999935e-07
2.255000000000000000e+02 5.388520185000000009e-07
2.257500000000000000e+02 5.324501009999999229e-07
2.260000000000000000e+02 5.260970204999999710e-07
2.262500000000000000e+02 5.197928864999999600e-07
2.265000000000000000e+02 5.135376989999999958e-07
2.267500000000000000e+02 5.073313485000000517e-07
2.270000000000000000e+02 5.011733604999999417e-07
2.272500000000000000e+02 4.950638080000000366e-07
2.275000000000000000e+02 4.890024719999999654e-07
2.277500000000000000e+02 4.829891699999999661e-07
2.280000000000000000e+02 4.770241209999999861e-07
2.282500000000000000e+02 4.711069965000000513e-07
2.285000000000000000e+02 4.652374315000000024e-07
2.287500000000000000e+02 4.594153895000000247e-07
2.290000000000000000e+02 4.536406880000000383e-07
2.292500000000000000e+02 4.479133999999999906e-07
2.295000000000000000e+02 4.422334160000000666e-07
2.297500000000000000e+02 4.366002980000000010e-07
2.300000000000000000e+02 4.310140459999999525e-07
2.302500000000000000e+02 4.254743315000000002e-07
2.305000000000000000e+02 4.199810815000000380e-07
2.307500000000000000e+02 4.145344420000000133e-07
2.310000000000000000e+02 4.091340845000000048e-07
2.312500000000000000e+02 4.037796074999999856e-07
2.315000000000000000e+02 3.984710110000000615e-07
2.317500000000000000e+02 3.932081489999999147e-07
2.320000000000000000e+02 3.879908389999999949e-07
2.322500000000000000e+02 3.828190810000000374e-07
2.325000000000000000e+02 3.776926194999999624e-07
2.327500000000000000e+02 3.726111260000000076e-07
2.330000000000000000e+02 3.675744545000000140e-07
2.332500000000000000e+02 3.625825466000000556e-07
2.335000000000000000e+02 3.576352636000000105e-07
2.337500000000000000e+02 3.527324959999999579e-07
2.340000000000000000e+02 3.478739226000000667e-07
2.342500000000000000e+02 3.430594010500000376e-07
2.345000000000000000e+02 3.382886393500000291e-07
2.347500000000000000e+02 3.335615863999999932e-07
2.350000000000000000e+02 3.288781838000000042e-07
2.352500000000000000e+02 3.242382307999999955e-07
2.355000000000000000e+02 3.196413404999999613e-07
2.357500000000000000e+02 3.150874690999999967e-07
2.360000000000000000e+02 3.105763684000000061e-07
2.362500000000000000e+02 3.061078595499999814e-07
2.365000000000000000e+02 3.016819571499999436e-07
2.367500000000000000e+02 2.972984202999999930e-07
2.370000000000000000e+02 2.929568000499999676e-07
2.372500000000000000e+02 2.886571256000000155e-07
2.375000000000000000e+02 2.843991633500000093e-07
2.377500000000000000e+02 2.801826979500000203e-07
2.380000000000000000e+02 2.760077184499999928e-07
2.382500000000000000e+02 2.718739730000000243e-07
2.385000000000000000e+02 2.677810600999999819e-07
2.387500000000000000e+02 2.637289505499999821e-07
2.390000000000000000e+02 2.597174326500000086e-07
2.392500000000000000e+02 2.557463275500000003e-07
2.395000000000000000e+02 2.518155549500000258e-07
2.397500000000000000e+02 2.479248410999999658e-07
2.400000000000000000e+02 2.440738757499999917e-07
2.402500000000000000e+02 2.402625420999999869e-07
2.405000000000000000e+02 2.364906612999999697e-07
2.407500000000000000e+02 2.327580691000000059e-07
2.410000000000000000e+02 2.290646341000000108e-07
2.412500000000000000e+02 2.254100861999999892e-07
2.415000000000000000e+02 2.217941589499999910e-07
2.417500000000000000e+02 2.182166844499999841e-07
2.420000000000000000e+02 2.146775057499999922e-07
2.422500000000000000e+02 2.111764622500000203e-07
2.425000000000000000e+02 2.077133897000000020e-07
2.427500000000000000e+02 2.042880216499999872e-07
2.430000000000000000e+02 2.009001208500000152e-07
2.432500000000000000e+02 1.975494901999999852e-07
2.435000000000000000e+02 1.942359837000000028e-07
2.437500000000000000e+02 1.909594297999999910e-07
2.440000000000000000e+02 1.877196605999999971e-07
2.442500000000000000e+02 1.845164023499999812e-07
2.445000000000000000e+02 1.813494324000000301e-07
2.447500000000000000e+02 1.782185463499999796e-07
2.450000000000000000e+02 1.751236018500000066e-07
2.452500000000000000e+02 1.720644127500000130e-07
2.455000000000000000e+02 1.690408111499999933e-07
2.457500000000000000e+02 1.660525305999999973e-07
2.460000000000000000e+02 1.630993375000000036e-07
2.462500000000000000e+02 1.601810493500000117e-07
2.465000000000000000e+02 1.572974982500000163e-07
2.467500000000000000e+02 1.544484980499999985e-07
2.470000000000000000e+02 1.516338844999999977e-07
2.472500000000000000e+02 1.488534020999999871e-07
2.475000000000000000e+02 1.461068026499999769e-07
2.477500000000000000e+02 1.433939109500000040e-07
2.480000000000000000e+02 1.407145590999999833e-07
2.482500000000000000e+02 1.380685499999999992e-07
2.485000000000000000e+02 1.354557193999999854e-07
2.487500000000000000e+02 1.328758300500000077e-07
2.490000000000000000e+02 1.303286045499999809e-07
2.492500000000000000e+02 1.278139042000000213e-07
2.495000000000000000e+02 1.253315392000000122e-07
2.497500000000000000e+02 1.228813015000000087e-07
2.500000000000000000e+02 1.204630414500000188e-07
