1.000000000000000000e+00 2.755857164000000224e-03
1.100000000000000089e+00 2.735085671000000301e-03
1.199999999999999956e+00 2.714442365999999909e-03
1.300000000000000044e+00 2.693926518999999794e-03
1.399999999999999911e+00 2.673537472999999980e-03
1.500000000000000000e+00 2.653274497999999915e-03
1.600000000000000089e+00 2.633137009999999764e-03
1.699999999999999956e+00 2.613124278999999842e-03
1.800000000000000044e+00 2.593235720999999879e-03
1.899999999999999911e+00 2.573470679000000334e-03
2.000000000000000000e+00 2.553828422999999785e-03
2.100000000000000089e+00 2.534308369000000134e-03
2.200000000000000178e+00 2.514909860000000101e-03
2.299999999999999822e+00 2.495632311999999853e-03
2.399999999999999911e+00 2.476474921999999995e-03
2.500000000000000000e+00 2.457437252000000110e-03
2.600000000000000089e+00 2.438518498999999937e-03
2.700000000000000178e+00 2.419718151999999782e-03
2.799999999999999822e+00 2.401295214999999914e-03
2.899999999999999911e+00 2.383193332000000005e-03
3.000000000000000000e+00 2.365203503999999905e-03
3.100000000000000089e+00 2.347325147000000212e-03
3.200000000000000178e+00 2.329627975999999916e-03
3.299999999999999822e+00 2.312378805999999731e-03
3.399999999999999911e+00 2.295235340000000013e-03
3.500000000000000000e+00 2.278197213000000051e-03
3.600000000000000089e+00 2.261263767999999869e-03
3.700000000000000178e+00 2.244602466999999924e-03
3.799999999999999822e+00 2.228237764999999645e-03
3.899999999999999911e+00 2.211972707999999756e-03
4.000000000000000000e+00 2.195806711999999990e-03
4.099999999999999645e+00 2.179739265999999787e-03
4.200000000000000178e+00 2.163909799999999724e-03
4.299999999999999822e+00 2.148362551999999977e-03
4.400000000000000355e+00 2.132909181999999813e-03
4.500000000000000000e+00 2.117549324999999823e-03
4.599999999999999645e+00 2.102282397000000171e-03
4.700000000000000178e+00 2.087128254000000013e-03
4.799999999999999822e+00 2.072339840999999974e-03
4.900000000000000355e+00 2.057640122999999845e-03
5.000000000000000000e+00 2.043028662000000075e-03
5.099999999999999645e+00 2.028504873999999961e-03
5.200000000000000178e+00 2.014068393999999661e-03
5.299999999999999822e+00 1.999821130000000065e-03
5.400000000000000355e+00 1.985821701000000262e-03
5.500000000000000000e+00 1.971905711000000120e-03
5.599999999999999645e+00 1.958072722000000088e-03
5.700000000000000178e+00 1.944322222999999824e-03
5.799999999999999822e+00 1.930653776000000208e-03
5.900000000000000355e+00 1.917157316999999880e-03
6.000000000000000000e+00 1.903889712999999942e-03
6.099999999999999645e+00 1.890700656999999693e-03
6.200000000000000178e+00 1.877589711000000015e-03
6.299999999999999822e+00 1.864556510000000200e-03
6.400000000000000355e+00 1.851600616000000261e-03
6.500000000000000000e+00 1.838731153999999951e-03
6.599999999999999645e+00 1.826145224000000128e-03
6.700000000000000178e+00 1.813633315999999863e-03
6.799999999999999822e+00 1.801195138000000109e-03
6.900000000000000355e+00 1.788830178999999869e-03
7.000000000000000000e+00 1.776538146999999878e-03
7.099999999999999645e+00 1.764318604000000151e-03
7.200000000000000178e+00 1.752246958999999693e-03
7.299999999999999822e+00 1.740366501000000085e-03
7.400000000000000355e+00 1.728555539000000123e-03
7.500000000000000000e+00 1.716813780999999891e-03
7.599999999999999645e+00 1.705140716000000129e-03
7.700000000000000178e+00 1.693536197999999902e-03
7.799999999999999822e+00 1.681999715999999952e-03
7.900000000000000355e+00 1.670601934000000245e-03
8.000000000000000000e+00 1.659375410000000139e-03
8.099999999999999645e+00 1.648214293999999969e-03
8.199999999999999289e+00 1.637118147999999966e-03
8.300000000000000711e+00 1.626086680000000213e-03
8.400000000000000355e+00 1.615119598000000142e-03
8.500000000000000000e+00 1.604216536999999911e-03
8.599999999999999645e+00 1.593392170000000087e-03
8.699999999999999289e+00 1.582773005999999968e-03
8.800000000000000711e+00 1.572215381000000066e-03
8.900000000000000355e+00 1.561718930000000104e-03
9.000000000000000000e+00 1.551283361000000164e-03
9.099999999999999645e+00 1.540908382000000113e-03
9.199999999999999289e+00 1.530593628000000107e-03
9.300000000000000711e+00 1.520338879999999938e-03
9.400000000000000355e+00 1.510208889000000214e-03
9.500000000000000000e+00 1.500212925999999886e-03
9.599999999999999645e+00 1.490274632999999838e-03
9.699999999999999289e+00 1.480393717999999937e-03
9.800000000000000711e+00 1.470569889000000264e-03
9.900000000000000355e+00 1.460802780999999892e-03
1.000000000000000000e+01 1.451092248000000057e-03
1.009999999999999964e+01 1.441437925000000264e-03
1.019999999999999929e+01 1.431903103000000234e-03
1.030000000000000071e+01 1.422485226999999769e-03
1.040000000000000036e+01 1.413121443999999999e-03
1.050000000000000000e+01 1.403811534999999848e-03
1.059999999999999964e+01 1.394555208000000050e-03
1.069999999999999929e+01 1.385352244000000177e-03
1.080000000000000071e+01 1.376202204999999812e-03
1.090000000000000036e+01 1.367105017999999898e-03
1.100000000000000000e+01 1.358085502999999920e-03
1.109999999999999964e+01 1.349204906999999960e-03
1.119999999999999929e+01 1.340375192000000087e-03
1.130000000000000071e+01 1.331596065999999948e-03
1.140000000000000036e+01 1.322867309999999985e-03
1.150000000000000000e+01 1.314188632000000065e-03
1.159999999999999964e+01 1.305559812999999977e-03
1.169999999999999929e+01 1.296980561000000021e-03
1.180000000000000071e+01 1.288450584000000064e-03
1.190000000000000036e+01 1.280032005000000155e-03
1.200000000000000000e+01 1.271700004000000158e-03
1.209999999999999964e+01 1.263415598999999929e-03
1.219999999999999929e+01 1.255178570999999910e-03
1.230000000000000071e+01 1.246988628000000182e-03
1.240000000000000036e+01 1.238845551000000104e-03
1.250000000000000000e+01 1.230749120999999899e-03
1.259999999999999964e+01 1.222699119000000010e-03
1.269999999999999929e+01 1.214695179999999942e-03
1.280000000000000071e+01 1.206800375999999859e-03
1.290000000000000036e+01 1.198979521000000060e-03
1.300000000000000000e+01 1.191203195999999921e-03
1.309999999999999964e+01 1.183471181999999882e-03
1.319999999999999929e+01 1.175783259999999952e-03
1.330000000000000071e+01 1.168139211000000137e-03
1.340000000000000036e+01 1.160538816000000013e-03
1.350000000000000000e+01 1.152981855999999803e-03
1.359999999999999964e+01 1.145468111999999950e-03
1.369999999999999929e+01 1.138033865000000113e-03
1.380000000000000071e+01 1.130690429999999967e-03
1.390000000000000036e+01 1.123388678000000014e-03
1.400000000000000000e+01 1.116128462999999970e-03
1.409999999999999964e+01 1.108909565999999843e-03
1.419999999999999929e+01 1.101731694999999933e-03
1.430000000000000071e+01 1.094594703999999955e-03
1.440000000000000036e+01 1.087498374000000134e-03
1.450000000000000000e+01 1.080442486000000044e-03
1.459999999999999964e+01 1.073426893999999835e-03
1.469999999999999929e+01 1.066516641000000033e-03
1.480000000000000071e+01 1.059657268999999883e-03
1.490000000000000036e+01 1.052836733000000026e-03
1.500000000000000000e+01 1.046054814000000038e-03
1.509999999999999964e+01 1.039311438999999991e-03
1.519999999999999929e+01 1.032606389000000112e-03
1.530000000000000071e+01 1.025939372000000049e-03
1.540000000000000036e+01 1.019310315000000093e-03
1.550000000000000000e+01 1.012718998999999820e-03
1.559999999999999964e+01 1.006165131999999960e-03
1.569999999999999929e+01 9.997127350000001387e-04
1.580000000000000071e+01 9.933007800000000481e-04
1.590000000000000036e+01 9.869250329999999100e-04
1.600000000000000000e+01 9.805854209999997993e-04
1.610000000000000142e+01 9.742816519999999069e-04
1.619999999999999929e+01 9.680137260000000162e-04
1.630000000000000071e+01 9.617812779999999591e-04
1.639999999999999858e+01 9.555841619999999939e-04
1.650000000000000000e+01 9.494223049999999785e-04
1.660000000000000142e+01 9.432954149999999956e-04
1.669999999999999929e+01 9.372459780000000655e-04
1.680000000000000071e+01 9.312479330000000225e-04
1.689999999999999858e+01 9.252837599999998337e-04
1.700000000000000000e+01 9.193532399999998321e-04
1.710000000000000142e+01 9.134563000000000925e-04
1.719999999999999929e+01 9.075927940000000057e-04
1.730000000000000071e+01 9.017624299999999794e-04
1.739999999999999858e+01 8.959651349999998718e-04
1.750000000000000000e+01 8.902006900000001242e-04
1.760000000000000142e+01 8.844689490000000190e-04
1.769999999999999929e+01 8.787780150000000295e-04
1.780000000000000071e+01 8.731638770000001160e-04
1.789999999999999858e+01 8.675814210000000254e-04
1.800000000000000000e+01 8.620305010000000158e-04
1.810000000000000142e+01 8.565108980000000951e-04
1.819999999999999929e+01 8.510225389999999043e-04
1.830000000000000071e+01 8.455651319999999598e-04
1.839999999999999858e+01 8.401386770000000446e-04
1.850000000000000000e+01 8.347429550000000581e-04
1.860000000000000142e+01 8.293778199999999332e-04
1.869999999999999929e+01 8.240431259999999279e-04
1.880000000000000071e+01 8.187516480000000619e-04
1.889999999999999858e+01 8.135241909999999270e-04
1.900000000000000000e+01 8.083262259999999090e-04
1.910000000000000142e+01 8.031576070000001578e-04
1.919999999999999929e+01 7.980181879999999556e-04
1.930000000000000071e+01 7.929077500000000691e-04
1.939999999999999858e+01 7.878262200000001395e-04
1.950000000000000000e+01 7.827734519999999911e-04
1.960000000000000142e+01 7.777492999999998822e-04
1.969999999999999929e+01 7.727535449999999289e-04
1.980000000000000071e+01 7.677861139999999892e-04
1.989999999999999858e+01 7.628499269999999962e-04
2.000000000000000000e+01 7.579806809999999929e-04
2.010000000000000142e+01 7.531388829999999257e-04
2.019999999999999929e+01 7.483243870000000526e-04
2.030000000000000071e+01 7.435371199999999065e-04
2.039999999999999858e+01 7.387768629999999287e-04
2.050000000000000000e+01 7.340434699999999436e-04
2.060000000000000142e+01 7.293368972000000830e-04
2.069999999999999929e+01 7.246569401999998408e-04
2.080000000000000071e+01 7.200034895000000882e-04
2.089999999999999858e+01 7.153764064000000134e-04
2.100000000000000000e+01 7.107755594999999029e-04
2.110000000000000142e+01 7.062211551999999191e-04
2.119999999999999929e+01 7.017096603000000203e-04
2.130000000000000071e+01 6.972236132000000702e-04
2.139999999999999858e+01 6.927628897999999358e-04
2.150000000000000000e+01 6.883273587000000122e-04
2.160000000000000142e+01 6.839168885000000437e-04
2.169999999999999929e+01 6.795313623999999116e-04
2.180000000000000071e+01 6.751706490000000107e-04
2.189999999999999858e+01 6.708346315000000056e-04
2.200000000000000000e+01 6.665231784999999659e-04
2.210000000000000142e+01 6.622361658999999755e-04
2.219999999999999929e+01 6.579734841999999298e-04
2.230000000000000071e+01 6.537579824000000353e-04
2.239999999999999858e+01 6.495767540999999087e-04
2.250000000000000000e+01 6.454191266999999331e-04
2.260000000000000142e+01 6.412849833999999900e-04
2.269999999999999929e+01 6.371742000999999463e-04
2.280000000000000071e+01 6.330866746000000369e-04
2.289999999999999858e+01 6.290222681999999921e-04
2.300000000000000000e+01 6.249808860000000610e-04
2.310000000000000142e+01 6.209624039000000021e-04
2.319999999999999929e+01 6.169667051000000220e-04
2.330000000000000071e+01 6.129936728000000019e-04
2.339999999999999858e+01 6.090432048000000683e-04
2.350000000000000000e+01 6.051302879999999893e-04
2.360000000000000142e+01 6.012541412999999803e-04
2.369999999999999929e+01 5.973999018999999727e-04
2.380000000000000071e+01 5.935674456999999416e-04
2.389999999999999858e+01 5.897566705000000138e-04
2.400000000000000000e+01 5.859674667999999762e-04
2.410000000000000142e+01 5.821997323999999552e-04
2.419999999999999929e+01 5.784533432000000348e-04
2.430000000000000071e+01 5.747282042999999219e-04
2.439999999999999858e+01 5.710242135000000684e-04
2.450000000000000000e+01 5.673412540000000301e-04
2.460000000000000142e+01 5.636792235999999335e-04
2.469999999999999929e+01 5.600380931000000471e-04
2.480000000000000071e+01 5.564439015999999519e-04
2.489999999999999858e+01 5.528700405999999352e-04
2.500000000000000000e+01 5.493164006000000009e-04
2.510000000000000142e+01 5.457828939999999785e-04
2.519999999999999929e+01 5.422694040000000746e-04
2.530000000000000071e+01 5.387758430000000104e-04
2.539999999999999858e+01 5.353021015000000065e-04
2.550000000000000000e+01 5.318480845999999868e-04
2.560000000000000142e+01 5.284136973999999836e-04
2.569999999999999929e+01 5.249988377000000149e-04
2.580000000000000071e+01 5.216034032999999903e-04
2.589999999999999858e+01 5.182272992999999422e-04
2.600000000000000000e+01 5.148744822999999768e-04
2.610000000000000142e+01 5.115598589000000312e-04
2.619999999999999929e+01 5.082640256999999872e-04
2.630000000000000071e+01 5.049868804999999711e-04
2.639999999999999858e+01 5.017283284000000152e-04
2.650000000000000000e+01 4.984882817999999492e-04
2.660000000000000142e+01 4.952666530999999279e-04
2.669999999999999929e+01 4.920633401000000778e-04
2.680000000000000071e+01 4.888782551999999032e-04
2.689999999999999858e+01 4.857113035000000328e-04
2.700000000000000000e+01 4.825623900999999566e-04
2.710000000000000142e+01 4.794314420000000206e-04
2.719999999999999929e+01 4.763183497000000118e-04
2.730000000000000071e+01 4.732234417000000270e-04
2.739999999999999858e+01 4.701661286999999820e-04
2.750000000000000000e+01 4.671261750999999287e-04
2.760000000000000142e+01 4.641035005999999820e-04
2.769999999999999929e+01 4.610980248999999313e-04
2.780000000000000071e+01 4.581096530999999718e-04
2.789999999999999858e+01 4.551383049000000012e-04
2.800000000000000000e+01 4.521838927000000120e-04
2.810000000000000142e+01 4.492463288999999963e-04
2.819999999999999929e+01 4.463255332000000690e-04
2.830000000000000071e+01 4.434214106999999913e-04
2.839999999999999858e+01 4.405338884000000550e-04
2.850000000000000000e+01 4.376628859999999953e-04
2.860000000000000142e+01 4.348083013000000473e-04
2.869999999999999929e+01 4.319797484000000454e-04
2.880000000000000071e+01 4.291754825999999573e-04
2.889999999999999858e+01 4.263871964999999963e-04
2.900000000000000000e+01 4.236148098000000061e-04
2.910000000000000142e+01 4.208582495000000073e-04
2.919999999999999929e+01 4.181174280000000466e-04
2.930000000000000071e+01 4.153922722999999818e-04
2.939999999999999858e+01 4.126827021000000362e-04
2.950000000000000000e+01 4.099886297999999854e-04
2.960000000000000142e+01 4.073099897000000266e-04
2.969999999999999929e+01 4.046466942000000438e-04
2.980000000000000071e+01 4.019986776000000176e-04
2.989999999999999858e+01 3.993658449999999802e-04
3.000000000000000000e+01 3.967481380000000349e-04
3.010000000000000142e+01 3.941569956999999881e-04
3.019999999999999929e+01 3.915847457999999874e-04
3.030000000000000071e+01 3.890272054000000284e-04
3.039999999999999858e+01 3.864843087999999833e-04
3.050000000000000000e+01 3.839559756999999670e-04
3.060000000000000142e+01 3.814421257999999859e-04
3.069999999999999929e+01 3.789427007000000349e-04
3.080000000000000071e+01 3.764576201000000119e-04
3.089999999999999858e+01 3.739868037000000319e-04
3.100000000000000000e+01 3.715301930999999813e-04
3.110000000000000142e+01 3.690877153000000433e-04
3.119999999999999929e+01 3.666592900000000075e-04
3.130000000000000071e+01 3.642448441999999488e-04
3.139999999999999858e+01 3.618443194999999704e-04
3.150000000000000000e+01 3.594659575999999482e-04
3.160000000000000142e+01 3.571065611000000055e-04
3.169999999999999929e+01 3.547607061000000012e-04
3.180000000000000071e+01 3.524283341999999300e-04
3.189999999999999858e+01 3.501093651000000153e-04
3.200000000000000000e+01 3.478037476999999949e-04
3.210000000000000142e+01 3.455114016999999839e-04
3.220000000000000284e+01 3.432322613999999627e-04
3.229999999999999716e+01 3.409662684000000347e-04
3.239999999999999858e+01 3.387133424000000437e-04
3.250000000000000000e+01 3.364734322999999986e-04
3.260000000000000142e+01 3.342464577999999602e-04
3.270000000000000284e+01 3.320323604999999775e-04
3.279999999999999716e+01 3.298310819999999912e-04
3.289999999999999858e+01 3.276444180999999703e-04
3.300000000000000000e+01 3.254803768999999869e-04
3.310000000000000142e+01 3.233288113999999830e-04
3.320000000000000284e+01 3.211896631999999535e-04
3.329999999999999716e+01 3.190628665999999873e-04
3.339999999999999858e+01 3.169483632000000251e-04
3.350000000000000000e+01 3.148460799999999791e-04
3.360000000000000142e+01 3.127559658999999668e-04
3.370000000000000284e+01 3.106779551999999688e-04
3.379999999999999716e+01 3.086119895000000342e-04
3.389999999999999858e+01 3.065579958000000209e-04
3.400000000000000000e+01 3.045159229999999922e-04
3.410000000000000142e+01 3.024857126999999971e-04
3.420000000000000284e+01 3.004672992000000163e-04
3.429999999999999716e+01 2.984606241000000446e-04
3.439999999999999858e+01 2.964695417999999895e-04
3.450000000000000000e+01 2.944963809999999894e-04
3.460000000000000142e+01 2.925346519999999983e-04
3.470000000000000284e+01 2.905843109999999853e-04
3.479999999999999716e+01 2.886452849999999711e-04
3.489999999999999858e+01 2.867175301999999788e-04
3.500000000000000000e+01 2.848009808999999891e-04
3.510000000000000142e+01 2.828955786999999967e-04
3.520000000000000284e+01 2.810012651999999967e-04
3.529999999999999716e+01 2.791179966000000121e-04
3.539999999999999858e+01 2.772456999000000094e-04
3.550000000000000000e+01 2.753843313000000118e-04
3.560000000000000142e+01 2.735338324000000142e-04
3.570000000000000284e+01 2.716941448000000114e-04
3.579999999999999716e+01 2.698652100999999982e-04
3.589999999999999858e+01 2.680494518999999723e-04
3.600000000000000000e+01 2.662507027000000155e-04
3.610000000000000142e+01 2.644624363000000109e-04
3.620000000000000284e+01 2.626846016000000217e-04
3.629999999999999716e+01 2.609171548000000168e-04
3.639999999999999858e+01 2.591600229000000171e-04
3.650000000000000000e+01 2.574131767000000198e-04
3.660000000000000142e+01 2.556765431999999914e-04
3.670000000000000284e+01 2.539500785999999552e-04
3.679999999999999716e+01 2.522337390999999885e-04
3.689999999999999858e+01 2.505274590000000179e-04
3.700000000000000000e+01 2.488311871999999980e-04
3.710000000000000142e+01 2.471448872000000206e-04
3.720000000000000284e+01 2.454684859999999979e-04
3.729999999999999716e+01 2.438019544000000086e-04
3.739999999999999858e+01 2.421452266999999791e-04
3.750000000000000000e+01 2.405047195999999760e-04
3.760000000000000142e+01 2.388749727000000038e-04
3.770000000000000284e+01 2.372547961000000250e-04
3.779999999999999716e+01 2.356441313999999801e-04
3.789999999999999858e+01 2.340429347999999738e-04
3.800000000000000000e+01 2.324511551999999879e-04
3.810000000000000142e+01 2.308687561000000057e-04
3.820000000000000284e+01 2.292956791000000220e-04
3.829999999999999716e+01 2.277318731000000187e-04
3.839999999999999858e+01 2.261772943000000191e-04
3.850000000000000000e+01 2.246318988999999921e-04
3.860000000000000142e+01 2.230956358000000281e-04
3.870000000000000284e+01 2.215684611999999606e-04
3.879999999999999716e+01 2.200503239999999883e-04
3.889999999999999858e+01 2.185411803999999991e-04
3.900000000000000000e+01 2.170416216999999774e-04
3.910000000000000142e+01 2.155567506000000090e-04
3.920000000000000284e+01 2.140806467999999900e-04
3.929999999999999716e+01 2.126132811000000262e-04
3.939999999999999858e+01 2.111545951000000040e-04
3.950000000000000000e+01 2.097045522999999880e-04
3.960000000000000142e+01 2.082631015999999600e-04
3.970000000000000284e+01 2.068301991999999976e-04
3.979999999999999716e+01 2.054058086000000297e-04
3.989999999999999858e+01 2.039898713999999970e-04
4.000000000000000000e+01 2.025823657000000195e-04
4.010000000000000142e+01 2.011832257999999964e-04
4.020000000000000284e+01 1.997924151999999924e-04
4.029999999999999716e+01 1.984099047000000048e-04
4.039999999999999858e+01 1.970356285999999872e-04
4.050000000000000000e+01 1.956695576999999912e-04
4.060000000000000142e+01 1.943117723000000103e-04
4.070000000000000284e+01 1.929673896999999961e-04
4.079999999999999716e+01 1.916310224999999868e-04
4.089999999999999858e+01 1.903026122999999770e-04
4.100000000000000000e+01 1.889821371999999785e-04
4.110000000000000142e+01 1.876695387999999861e-04
4.120000000000000284e+01 1.863647878999999971e-04
4.129999999999999716e+01 1.850678334000000207e-04
4.139999999999999858e+01 1.837786461000000000e-04
4.150000000000000000e+01 1.824971821999999853e-04
4.160000000000000142e+01 1.812233905999999857e-04
4.170000000000000284e+01 1.799572494000000128e-04
4.179999999999999716e+01 1.786987074999999944e-04
4.189999999999999858e+01 1.774477210999999806e-04
4.200000000000000000e+01 1.762042610000000232e-04
4.210000000000000142e+01 1.749682906999999970e-04
4.220000000000000284e+01 1.737397590999999923e-04
4.229999999999999716e+01 1.725214474999999708e-04
4.239999999999999858e+01 1.713121879000000186e-04
4.250000000000000000e+01 1.701101990999999783e-04
4.260000000000000142e+01 1.689154445999999955e-04
4.270000000000000284e+01 1.677278805999999852e-04
4.279999999999999716e+01 1.665474706000000119e-04
4.289999999999999858e+01 1.653741853999999916e-04
4.300000000000000000e+01 1.642079884999999889e-04
4.310000000000000142e+01 1.630488287999999858e-04
4.320000000000000284e+01 1.618966843999999938e-04
4.329999999999999716e+01 1.607515041999999948e-04
4.339999999999999858e+01 1.596132663000000005e-04
4.350000000000000000e+01 1.584819269000000070e-04
4.360000000000000142e+01 1.573574495000000246e-04
4.370000000000000284e+01 1.562398048999999965e-04
4.379999999999999716e+01 1.551289420000000131e-04
4.389999999999999858e+01 1.540248389000000047e-04
4.400000000000000000e+01 1.529308535999999974e-04
4.410000000000000142e+01 1.518439055000000168e-04
4.420000000000000284e+01 1.507635565999999969e-04
4.429999999999999716e+01 1.496897777000000165e-04
4.439999999999999858e+01 1.486225249999999904e-04
4.450000000000000000e+01 1.475617765999999843e-04
4.460000000000000142e+01 1.465074886999999946e-04
4.470000000000000284e+01 1.454596248000000042e-04
4.479999999999999716e+01 1.444181629999999978e-04
4.489999999999999858e+01 1.433830595000000257e-04
4.500000000000000000e+01 1.423542851000000040e-04
4.510000000000000142e+01 1.413318105999999844e-04
4.520000000000000284e+01 1.403155922000000170e-04
4.529999999999999716e+01 1.393056007000000181e-04
4.539999999999999858e+01 1.383018142000000264e-04
4.550000000000000000e+01 1.373041815999999967e-04
4.560000000000000142e+01 1.363126809999999948e-04
4.570000000000000284e+01 1.353299622999999978e-04
4.579999999999999716e+01 1.343537698000000092e-04
4.589999999999999858e+01 1.333835705999999956e-04
4.600000000000000000e+01 1.324193354999999813e-04
4.610000000000000142e+01 1.314610207000000168e-04
4.620000000000000284e+01 1.305086043000000052e-04
4.629999999999999716e+01 1.295620570999999981e-04
4.639999999999999858e+01 1.286213498999999930e-04
4.650000000000000000e+01 1.276864388999999860e-04
4.660000000000000142e+01 1.267573022000000158e-04
4.670000000000000284e+01 1.258339105999999985e-04
4.679999999999999716e+01 1.249162275999999986e-04
4.689999999999999858e+01 1.240042313000000007e-04
4.700000000000000000e+01 1.230978851999999879e-04
4.710000000000000142e+01 1.221971600999999848e-04
4.720000000000000284e+01 1.213020195000000018e-04
4.729999999999999716e+01 1.204124487999999967e-04
4.739999999999999858e+01 1.195296597999999957e-04
4.750000000000000000e+01 1.186537692999999955e-04
4.760000000000000142e+01 1.177833246000000166e-04
4.770000000000000284e+01 1.169182818999999873e-04
4.779999999999999716e+01 1.160586193000000006e-04
4.789999999999999858e+01 1.152043075999999996e-04
4.800000000000000000e+01 1.143553248999999960e-04
4.810000000000000142e+01 1.135116273999999995e-04
4.820000000000000284e+01 1.126732004999999952e-04
4.829999999999999716e+01 1.118400077000000070e-04
4.839999999999999858e+01 1.110120270999999923e-04
4.850000000000000000e+01 1.101892294999999892e-04
4.860000000000000142e+01 1.093715857000000086e-04
4.870000000000000284e+01 1.085590664999999937e-04
4.879999999999999716e+01 1.077516499999999969e-04
4.889999999999999858e+01 1.069492997000000013e-04
4.900000000000000000e+01 1.061519936999999914e-04
4.910000000000000142e+01 1.053597101000000060e-04
4.920000000000000284e+01 1.045741279000000039e-04
4.929999999999999716e+01 1.037939988000000102e-04
4.939999999999999858e+01 1.030187826000000041e-04
4.950000000000000000e+01 1.022484428000000096e-04
4.960000000000000142e+01 1.014829574999999976e-04
4.970000000000000284e+01 1.007222974999999926e-04
4.979999999999999716e+01 9.996644089999999266e-05
4.989999999999999858e+01 9.921535849999999520e-05
5.000000000000000000e+01 9.846902840000001185e-05
5.010000000000000142e+01 9.772742139999998580e-05
5.020000000000000284e+01 9.699051560000000998e-05
5.029999999999999716e+01 9.625828180000000050e-05
5.039999999999999858e+01 9.553069809999999607e-05
5.050000000000000000e+01 9.480773529999998056e-05
5.060000000000000142e+01 9.408937149999999268e-05
5.070000000000000284e+01 9.337558480000001694e-05
5.079999999999999716e+01 9.266633869999999591e-05
5.089999999999999858e+01 9.196162589999998314e-05
5.100000000000000000e+01 9.126278229999998848e-05
5.110000000000000142e+01 9.056888079999998406e-05
5.120000000000000284e+01 8.987940309999999176e-05
5.129999999999999716e+01 8.919432730000000965e-05
5.139999999999999858e+01 8.851362420000000804e-05
5.150000000000000000e+01 8.783727919999999919e-05
5.160000000000000142e+01 8.716525580000000697e-05
5.170000000000000284e+01 8.649754669999999007e-05
5.179999999999999716e+01 8.583411539999999949e-05
5.189999999999999858e+01 8.517494730000000681e-05
5.200000000000000000e+01 8.452001319999999590e-05
5.210000000000000142e+01 8.386929120000000549e-05
5.220000000000000284e+01 8.322275940000000653e-05
5.229999999999999716e+01 8.258039589999999707e-05
5.239999999999999858e+01 8.194217150000000164e-05
5.250000000000000000e+01 8.130807890000000605e-05
5.260000000000000142e+01 8.067807430000000640e-05
5.270000000000000284e+01 8.005215770000000271e-05
5.279999999999999716e+01 7.943089120000000408e-05
5.289999999999999858e+01 7.881459599999999827e-05
5.300000000000000000e+01 7.820228659999999292e-05
5.310000000000000142e+01 7.759394109999999964e-05
5.320000000000000284e+01 7.698953760000000295e-05
5.329999999999999716e+01 7.638906150000000154e-05
5.339999999999999858e+01 7.579249089999999349e-05
5.350000000000000000e+01 7.519978930000000266e-05
5.360000000000000142e+01 7.461095670000000195e-05
5.370000000000000284e+01 7.402595659999998813e-05
5.379999999999999716e+01 7.344477440000000057e-05
5.389999999999999858e+01 7.286738382000001253e-05
5.400000000000000000e+01 7.229377098999999977e-05
5.410000000000000142e+01 7.172391182000000215e-05
5.420000000000000284e+01 7.115778513999999476e-05
5.429999999999999716e+01 7.059537124000000161e-05
5.439999999999999858e+01 7.003664968000000192e-05
5.450000000000000000e+01 6.948159928999999787e-05
5.460000000000000142e+01 6.893020035999999993e-05
5.470000000000000284e+01 6.838335006000000212e-05
5.479999999999999716e+01 6.784045854999998747e-05
5.489999999999999858e+01 6.730113965999999363e-05
5.500000000000000000e+01 6.676537294999999980e-05
5.510000000000000142e+01 6.623313944000000703e-05
5.520000000000000284e+01 6.570441868999999453e-05
5.529999999999999716e+01 6.517919172000000399e-05
5.539999999999999858e+01 6.465743955000000933e-05
5.550000000000000000e+01 6.413914247000000745e-05
5.560000000000000142e+01 6.362428077000000881e-05
5.570000000000000284e+01 6.311283692999999559e-05
5.579999999999999716e+01 6.260478977999999709e-05
5.589999999999999858e+01 6.210012252999999962e-05
5.600000000000000000e+01 6.159881474000000951e-05
5.610000000000000142e+01 6.110084888999999539e-05
5.620000000000000284e+01 6.060620526999999482e-05
5.629999999999999716e+01 6.011486635999999676e-05
5.639999999999999858e+01 5.962681318000000223e-05
5.650000000000000000e+01 5.914202748000000286e-05
5.660000000000000142e+01 5.866124801999999085e-05
5.670000000000000284e+01 5.818398570000000422e-05
5.679999999999999716e+01 5.770992004999999834e-05
5.689999999999999858e+01 5.723903355000000960e-05
5.700000000000000000e+01 5.677130867999999987e-05
5.710000000000000142e+01 5.630672719000000140e-05
5.720000000000000284e+01 5.584527156000000317e-05
5.729999999999999716e+01 5.538692426999999413e-05
5.739999999999999858e+01 5.493166779999999712e-05
5.750000000000000000e+01 5.447948536000000525e-05
5.760000000000000142e+01 5.403035942999999392e-05
5.770000000000000284e+01 5.358427175999999539e-05
5.779999999999999716e+01 5.314120701999999746e-05
5.789999999999999858e+01 5.270114695999999853e-05
5.800000000000000000e+01 5.226407478999999846e-05
5.810000000000000142e+01 5.182997445000000125e-05
5.820000000000000284e+01 5.139882768999999850e-05
5.829999999999999716e+01 5.097061917999999835e-05
5.839999999999999858e+01 5.054533213000000745e-05
5.850000000000000000e+01 5.012328992999999885e-05
5.860000000000000142e+01 4.970465683000000064e-05
5.870000000000000284e+01 4.928888095000000057e-05
5.879999999999999716e+01 4.887594768999999734e-05
5.889999999999999858e+01 4.846584026000000438e-05
5.900000000000000000e+01 4.805854260000000535e-05
5.910000000000000142e+01 4.765403938000000838e-05
5.920000000000000284e+01 4.725231453999999715e-05
5.929999999999999716e+01 4.685335201999999598e-05
5.939999999999999858e+01 4.645713576000000210e-05
5.950000000000000000e+01 4.606365116000000744e-05
5.960000000000000142e+01 4.567288143000000508e-05
5.970000000000000284e+01 4.528481197000000052e-05
5.979999999999999716e+01 4.489942745000000189e-05
5.989999999999999858e+01 4.451671253999999698e-05
6.000000000000000000e+01 4.413665118000000334e-05
6.010000000000000142e+01 4.375922876999999937e-05
6.020000000000000284e+01 4.338443070999999730e-05
6.029999999999999716e+01 4.301224094000000116e-05
6.039999999999999858e+01 4.264264559000000021e-05
6.050000000000000000e+01 4.227615565999999904e-05
6.060000000000000142e+01 4.191240177000000154e-05
6.070000000000000284e+01 4.155118682000000382e-05
6.079999999999999716e+01 4.119249548000000045e-05
6.089999999999999858e+01 4.083631241999999956e-05
6.100000000000000000e+01 4.048262450000000135e-05
6.110000000000000142e+01 4.013141711999999774e-05
6.120000000000000284e+01 3.978267568000000101e-05
6.129999999999999716e+01 3.943638558000000307e-05
6.139999999999999858e+01 3.909253368000000412e-05
6.150000000000000000e+01 3.875110538000000286e-05
6.160000000000000142e+01 3.841208681000000215e-05
6.170000000000000284e+01 3.807546410000000480e-05
6.179999999999999716e+01 3.774122265000000277e-05
6.189999999999999858e+01 3.740935005000000036e-05
6.200000000000000000e+01 3.707983170000000306e-05
6.210000000000000142e+01 3.675265372999999338e-05
6.220000000000000284e+01 3.642780299999999862e-05
6.229999999999999716e+01 3.610526636999999864e-05
6.239999999999999858e+01 3.578502923999999892e-05
6.250000000000000000e+01 3.546752230999999694e-05
6.260000000000000142e+01 3.515241343000000395e-05
6.270000000000000284e+01 3.483955513999999876e-05
6.279999999999999716e+01 3.452893429999999512e-05
6.289999999999999858e+01 3.422053850000000413e-05
6.300000000000000000e+01 3.391435387000000151e-05
6.310000000000000142e+01 3.361036799999999838e-05
6.320000000000000284e+01 3.330856847999999904e-05
6.329999999999999716e+01 3.300894216999999693e-05
6.339999999999999858e+01 3.271147592999999900e-05
6.350000000000000000e+01 3.241615808000000015e-05
6.360000000000000142e+01 3.212297475000000323e-05
6.370000000000000284e+01 3.183191499000000049e-05
6.379999999999999716e+01 3.154296492999999476e-05
6.389999999999999858e+01 3.125611289000000128e-05
6.400000000000000000e+01 3.097134645999999726e-05
6.409999999999999432e+01 3.068865323000000058e-05
6.420000000000000284e+01 3.040802078999999862e-05
6.429999999999999716e+01 3.012943818999999719e-05
6.440000000000000568e+01 2.985289155999999573e-05
6.450000000000000000e+01 2.957858894999999911e-05
6.459999999999999432e+01 2.930653985000000004e-05
6.470000000000000284e+01 2.903648364999999781e-05
6.479999999999999716e+01 2.876840867000000427e-05
6.490000000000000568e+01 2.850230250000000340e-05
6.500000000000000000e+01 2.823815491999999837e-05
6.509999999999999432e+01 2.797595352000000366e-05
6.520000000000000284e+01 2.771568662000000062e-05
6.529999999999999716e+01 2.745734326999999846e-05
6.540000000000000568e+01 2.720091179000000222e-05
6.550000000000000000e+01 2.694638050000000004e-05
6.559999999999999432e+01 2.669373845000000111e-05
6.570000000000000284e+01 2.644297396000000033e-05
6.579999999999999716e+01 2.619407680999999747e-05
6.590000000000000568e+01 2.594703532000000099e-05
6.600000000000000000e+01 2.570183781000000240e-05
6.609999999999999432e+01 2.545847405999999809e-05
6.620000000000000284e+01 2.521693312000000063e-05
6.629999999999999716e+01 2.497720331000000154e-05
6.640000000000000568e+01 2.473927440999999720e-05
6.650000000000000000e+01 2.450313620000000434e-05
6.659999999999999432e+01 2.426908943999999671e-05
6.670000000000000284e+01 2.403686330000000048e-05
6.679999999999999716e+01 2.380638769999999862e-05
6.690000000000000568e+01 2.357765315000000180e-05
6.700000000000000000e+01 2.335064869999999549e-05
6.709999999999999432e+01 2.312536413000000320e-05
6.720000000000000284e+01 2.290178921999999758e-05
6.729999999999999716e+01 2.267991301999999800e-05
6.740000000000000568e+01 2.245972603999999819e-05
6.750000000000000000e+01 2.224121806000000132e-05
6.759999999999999432e+01 2.202437886000000039e-05
6.770000000000000284e+01 2.180919821999999854e-05
6.779999999999999716e+01 2.159566591999999895e-05
6.790000000000000568e+01 2.138377174000000139e-05
6.800000000000000000e+01 2.117350692000000034e-05
6.809999999999999432e+01 2.096485978000000086e-05
6.820000000000000284e+01 2.075782228999999818e-05
6.829999999999999716e+01 2.055238349999999811e-05
6.840000000000000568e+01 2.034853392000000115e-05
6.850000000000000000e+01 2.014626406000000105e-05
6.859999999999999432e+01 1.994556370000000097e-05
6.870000000000000284e+01 1.974668687999999833e-05
6.879999999999999716e+01 1.954938540000000164e-05
6.890000000000000568e+01 1.935361984000000133e-05
6.900000000000000000e+01 1.915938070999999789e-05
6.909999999999999432e+01 1.896665925000000277e-05
6.920000000000000284e+01 1.877544450999999804e-05
6.929999999999999716e+01 1.858572919000000000e-05
6.940000000000000568e+01 1.839750307000000165e-05
6.950000000000000000e+01 1.821075666000000011e-05
6.959999999999999432e+01 1.802548193000000077e-05
6.970000000000000284e+01 1.784166866000000003e-05
6.979999999999999716e+01 1.765930881999999987e-05
6.990000000000000568e+01 1.747839364999999816e-05
7.000000000000000000e+01 1.729891292999999807e-05
7.009999999999999432e+01 1.712085863000000160e-05
7.020000000000000284e+01 1.694422126000000249e-05
7.029999999999999716e+01 1.676899352000000347e-05
7.040000000000000568e+01 1.659516518999999755e-05
7.050000000000000000e+01 1.642272824000000028e-05
7.059999999999999432e+01 1.625167390999999935e-05
7.070000000000000284e+01 1.608199343999999943e-05
7.079999999999999716e+01 1.591382187999999890e-05
7.090000000000000568e+01 1.574708914999999767e-05
7.100000000000000000e+01 1.558170035000000088e-05
7.109999999999999432e+01 1.541764745000000038e-05
7.120000000000000284e+01 1.525492169000000080e-05
7.129999999999999716e+01 1.509351430999999833e-05
7.140000000000000568e+01 1.493341801000000078e-05
7.150000000000000000e+01 1.477462476000000169e-05
7.159999999999999432e+01 1.461712506999999818e-05
7.170000000000000284e+01 1.446091236999999882e-05
7.179999999999999716e+01 1.430597717000000074e-05
7.190000000000000568e+01 1.415231216999999990e-05
7.200000000000000000e+01 1.399990933999999830e-05
7.209999999999999432e+01 1.384876137999999869e-05
7.220000000000000284e+01 1.369885879999999988e-05
7.229999999999999716e+01 1.355019502999999858e-05
7.240000000000000568e+01 1.340276204000000018e-05
7.250000000000000000e+01 1.325655106999999917e-05
7.259999999999999432e+01 1.311155555000000241e-05
7.270000000000000284e+01 1.296776745000000004e-05
7.279999999999999716e+01 1.282517946999999990e-05
7.290000000000000568e+01 1.268378722999999921e-05
7.300000000000000000e+01 1.254375059999999960e-05
7.309999999999999432e+01 1.240488707999999847e-05
7.320000000000000284e+01 1.226719009999999929e-05
7.329999999999999716e+01 1.213065016999999920e-05
7.340000000000000568e+01 1.199526217999999807e-05
7.350000000000000000e+01 1.186101736999999887e-05
7.359999999999999432e+01 1.172790844000000095e-05
7.370000000000000284e+01 1.159592881999999931e-05
7.379999999999999716e+01 1.146507121000000010e-05
7.390000000000000568e+01 1.133532831000000266e-05
7.400000000000000000e+01 1.120669281999999957e-05
7.409999999999999432e+01 1.107915744000000036e-05
7.420000000000000284e+01 1.095271486999999928e-05
7.429999999999999716e+01 1.082735927000000057e-05
7.440000000000000568e+01 1.070308261000000115e-05
7.450000000000000000e+01 1.057987758999999867e-05
7.459999999999999432e+01 1.045773836999999906e-05
7.470000000000000284e+01 1.033665764999999997e-05
7.479999999999999716e+01 1.021662812999999907e-05
7.490000000000000568e+01 1.009764396999999888e-05
7.500000000000000000e+01 9.979697139999999718e-06
7.509999999999999432e+01 9.862795669999999579e-06
7.520000000000000284e+01 9.747036650000000620e-06
7.529999999999999716e+01 9.632293060000000746e-06
7.540000000000000568e+01 9.518556870000000262e-06
7.550000000000000000e+01 9.405822970000000748e-06
7.559999999999999432e+01 9.294083329999999123e-06
7.570000000000000284e+01 9.183332840000000354e-06
7.579999999999999716e+01 9.073564200000000407e-06
7.590000000000000568e+01 8.964771570000000121e-06
7.600000000000000000e+01 8.856948380000001286e-06
7.609999999999999432e+01 8.750087329999999867e-06
7.620000000000000284e+01 8.644183309999999140e-06
7.629999999999999716e+01 8.539229750000000893e-06
7.640000000000000568e+01 8.435220080000000142e-06
7.650000000000000000e+01 8.332148459999999418e-06
7.659999999999999432e+01 8.230007589999999769e-06
7.670000000000000284e+01 8.128793090000000130e-06
7.679999999999999716e+01 8.028497659999999855e-06
7.690000000000000568e+01 7.929114729999999040e-06
7.700000000000000000e+01 7.830639920000000007e-06
7.709999999999999432e+01 7.733065930000000416e-06
7.720000000000000284e+01 7.636386920000001106e-06
7.729999999999999716e+01 7.540597049999999527e-06
7.740000000000000568e+01 7.445773699999998971e-06
7.750000000000000000e+01 7.351840219999999428e-06
7.759999999999999432e+01 7.258776024000000128e-06
7.770000000000000284e+01 7.166574833999999261e-06
7.779999999999999716e+01 7.075231174999999730e-06
7.790000000000000568e+01 6.984739134000000096e-06
7.800000000000000000e+01 6.895093163000000141e-06
7.809999999999999432e+01 6.806287568000000173e-06
7.820000000000000284e+01 6.718316581999999072e-06
7.829999999999999716e+01 6.631174657000000005e-06
7.840000000000000568e+01 6.544856171999999630e-06
7.850000000000000000e+01 6.459355578999999420e-06
7.859999999999999432e+01 6.374667330000000002e-06
7.870000000000000284e+01 6.290785877000000309e-06
7.879999999999999716e+01 6.207705891000000174e-06
7.890000000000000568e+01 6.125421751000000489e-06
7.900000000000000000e+01 6.043928200999999976e-06
7.909999999999999432e+01 5.963219765999998996e-06
7.920000000000000284e+01 5.883291116999999925e-06
7.929999999999999716e+01 5.804136852000000318e-06
7.940000000000000568e+01 5.725751788000000328e-06
7.950000000000000000e+01 5.648130596000000633e-06
7.959999999999999432e+01 5.571288167999999774e-06
7.970000000000000284e+01 5.495249178000000648e-06
7.979999999999999716e+01 5.419956467000000361e-06
7.990000000000000568e+01 5.345405070999999967e-06
8.000000000000000000e+01 5.271589806999999615e-06
8.009999999999999432e+01 5.198505565000000040e-06
8.020000000000000284e+01 5.126147454000000333e-06
8.029999999999999716e+01 5.054510291000000647e-06
8.040000000000000568e+01 4.983589111999999491e-06
8.050000000000000000e+01 4.913379025999999347e-06
8.059999999999999432e+01 4.843875142000000153e-06
8.070000000000000284e+01 4.775072350000000103e-06
8.079999999999999716e+01 4.706965978000000036e-06
8.090000000000000568e+01 4.639551062000000157e-06
8.100000000000000000e+01 4.572822783999999294e-06
8.109999999999999432e+01 4.506776325999999663e-06
8.120000000000000284e+01 4.441407016000000410e-06
8.129999999999999716e+01 4.376709962999999780e-06
8.140000000000000568e+01 4.312680568000000044e-06
8.150000000000000000e+01 4.249314085999999765e-06
8.159999999999999432e+01 4.186605772000000048e-06
8.170000000000000284e+01 4.124551100000000355e-06
8.179999999999999716e+01 4.063145397999999834e-06
8.190000000000000568e+01 4.002403265999999776e-06
8.200000000000000000e+01 3.942330544000000191e-06
8.209999999999999432e+01 3.882891608000000602e-06
8.220000000000000284e+01 3.824082077999999942e-06
8.229999999999999716e+01 3.765897355000000059e-06
8.240000000000000568e+01 3.708333058999999463e-06
8.250000000000000000e+01 3.651384810000000054e-06
8.259999999999999432e+01 3.595048154999999761e-06
8.270000000000000284e+01 3.539318714000000058e-06
8.279999999999999716e+01 3.484192180000000040e-06
8.290000000000000568e+01 3.429664245999999647e-06
8.300000000000000000e+01 3.375730531999999931e-06
8.309999999999999432e+01 3.322386803999999723e-06
8.320000000000000284e+01 3.269628827999999967e-06
8.329999999999999716e+01 3.217452369999999917e-06
8.340000000000000568e+01 3.165853269000000254e-06
8.350000000000000000e+01 3.114827218000000496e-06
8.359999999999999432e+01 3.064370201999999949e-06
8.370000000000000284e+01 3.014478060000000564e-06
8.379999999999999716e+01 2.965146558000000324e-06
8.390000000000000568e+01 2.916371753999999965e-06
8.400000000000000000e+01 2.868149487000000168e-06
8.409999999999999432e+01 2.820475814999999974e-06
8.420000000000000284e+01 2.773352198000000021e-06
8.429999999999999716e+01 2.726796448000000124e-06
8.440000000000000568e+01 2.680776153000000022e-06
8.450000000000000000e+01 2.635287371000000027e-06
8.459999999999999432e+01 2.590326305999999923e-06
8.470000000000000284e+01 2.545888942999999860e-06
8.479999999999999716e+01 2.501971413000000311e-06
8.490000000000000568e+01 2.458569992999999946e-06
8.500000000000000000e+01 2.415680740999999925e-06
8.509999999999999432e+01 2.373299934000000187e-06
8.520000000000000284e+01 2.331423703000000358e-06
8.529999999999999716e+01 2.290048398000000113e-06
8.540000000000000568e+01 2.249170223000000084e-06
8.550000000000000000e+01 2.208785454999999786e-06
8.559999999999999432e+01 2.168890370999999587e-06
8.570000000000000284e+01 2.129481393999999744e-06
8.579999999999999716e+01 2.090554874000000358e-06
8.590000000000000568e+01 2.052107088000000101e-06
8.600000000000000000e+01 2.014134459000000078e-06
8.609999999999999432e+01 1.976633410000000126e-06
8.620000000000000284e+01 1.939600364000000080e-06
8.629999999999999716e+01 1.903031816999999935e-06
8.640000000000000568e+01 1.866924191999999951e-06
8.650000000000000000e+01 1.831273985000000122e-06
8.659999999999999432e+01 1.796090759000000091e-06
8.670000000000000284e+01 1.761365462000000058e-06
8.679999999999999716e+01 1.727086414000000004e-06
8.690000000000000568e+01 1.693250183999999872e-06
8.700000000000000000e+01 1.659853414000000185e-06
8.709999999999999432e+01 1.626892672999999828e-06
8.720000000000000284e+01 1.594364675999999907e-06
8.729999999999999716e+01 1.562265991999999939e-06
8.740000000000000568e+01 1.530593482000000292e-06
8.750000000000000000e+01 1.499343642000000325e-06
8.759999999999999432e+01 1.468513332999999979e-06
8.770000000000000284e+01 1.438099270000000151e-06
8.779999999999999716e+01 1.408098168000000041e-06
8.790000000000000568e+01 1.378506888000000014e-06
8.800000000000000000e+01 1.349322144999999908e-06
8.809999999999999432e+01 1.320540799999999876e-06
8.820000000000000284e+01 1.292159714000000072e-06
8.829999999999999716e+01 1.264175675000000069e-06
8.840000000000000568e+01 1.236585616999999967e-06
8.850000000000000000e+01 1.209386474000000079e-06
8.859999999999999432e+01 1.182575033999999978e-06
8.870000000000000284e+01 1.156148230999999975e-06
8.879999999999999716e+01 1.130103144999999856e-06
8.890000000000000568e+01 1.104436636999999985e-06
8.900000000000000000e+01 1.079154912000000108e-06
8.909999999999999432e+01 1.054248406999999946e-06
8.920000000000000284e+01 1.029710989999999912e-06
8.929999999999999716e+01 1.005539595000000109e-06
8.940000000000000568e+01 9.817314480000000019e-07
8.950000000000000000e+01 9.582834830000001164e-07
8.959999999999999432e+01 9.351929260000000246e-07
8.970000000000000284e+01 9.124567840000000926e-07
8.979999999999999716e+01 8.900722099999998396e-07
8.990000000000000568e+01 8.680364300000000028e-07
9.000000000000000000e+01 8.463465240000000483e-07
9.009999999999999432e+01 8.249997179999999720e-07
9.020000000000000284e+01 8.039931649999999285e-07
9.029999999999999716e+01 7.833241639999999665e-07
9.040000000000000568e+01 7.629899410000000821e-07
9.050000000000000000e+01 7.429876490000000062e-07
9.059999999999999432e+01 7.233146673000000896e-07
9.070000000000000284e+01 7.039682073000000422e-07
9.079999999999999716e+01 6.849455972000000613e-07
9.090000000000000568e+01 6.662441359999999839e-07
9.100000000000000000e+01 6.478611738000000126e-07
9.109999999999999432e+01 6.297940534000001010e-07
9.120000000000000284e+01 6.120401321999999594e-07
9.129999999999999716e+01 5.945967895000000442e-07
9.140000000000000568e+01 5.774649670000000553e-07
9.150000000000000000e+01 5.606411534000000562e-07
9.159999999999999432e+01 5.441197861000000703e-07
9.170000000000000284e+01 5.278983247000000091e-07
9.179999999999999716e+01 5.119742433999999642e-07
9.190000000000000568e+01 4.963450090999999899e-07
9.200000000000000000e+01 4.810081324999999396e-07
9.209999999999999432e+01 4.659611169999999472e-07
9.220000000000000284e+01 4.512015024999999085e-07
9.229999999999999716e+01 4.367268142999999627e-07
9.240000000000000568e+01 4.225346288000000319e-07
9.250000000000000000e+01 4.086225078000000174e-07
9.259999999999999432e+01 3.949880422999999684e-07
9.270000000000000284e+01 3.816288379000000085e-07
9.279999999999999716e+01 3.685425001999999962e-07
9.290000000000000568e+01 3.557266713000000289e-07
9.300000000000000000e+01 3.431790006000000816e-07
9.309999999999999432e+01 3.308971302000000398e-07
9.320000000000000284e+01 3.188787532999999953e-07
9.329999999999999716e+01 3.071215558000000028e-07
9.340000000000000568e+01 2.956232308999999954e-07
9.350000000000000000e+01 2.843815010000000544e-07
9.359999999999999432e+01 2.733941031000000175e-07
9.370000000000000284e+01 2.626587815000000243e-07
9.379999999999999716e+01 2.521733680999999710e-07
9.390000000000000568e+01 2.419381111000000062e-07
9.400000000000000000e+01 2.319480318999999954e-07
9.409999999999999432e+01 2.222009332000000041e-07
9.420000000000000284e+01 2.126946469000000080e-07
9.429999999999999716e+01 2.034270049000000089e-07
9.440000000000000568e+01 1.943958609999999879e-07
9.450000000000000000e+01 1.855990616999999947e-07
9.459999999999999432e+01 1.770344972999999837e-07
9.470000000000000284e+01 1.687000508000000048e-07
9.479999999999999716e+01 1.605936270999999807e-07
9.490000000000000568e+01 1.527131384000000035e-07
9.500000000000000000e+01 1.450565115000000013e-07
9.509999999999999432e+01 1.376216951000000134e-07
9.520000000000000284e+01 1.304066306000000156e-07
9.529999999999999716e+01 1.234092959000000101e-07
9.540000000000000568e+01 1.166276688999999992e-07
9.550000000000000000e+01 1.100597348000000090e-07
9.559999999999999432e+01 1.037035080000000020e-07
9.570000000000000284e+01 9.755700290000000721e-08
9.579999999999999716e+01 9.161824120000001094e-08
9.590000000000000568e+01 8.588528110000001295e-08
9.600000000000000000e+01 8.035616620000000503e-08
9.609999999999999432e+01 7.502896199999999752e-08
9.620000000000000284e+01 6.990175371000000026e-08
9.629999999999999716e+01 6.497275866999999523e-08
9.640000000000000568e+01 6.024045774999999497e-08
9.650000000000000000e+01 5.570236748999999630e-08
9.659999999999999432e+01 5.135662128000000490e-08
9.670000000000000284e+01 4.720136565000000185e-08
9.679999999999999716e+01 4.323475807999999736e-08
9.690000000000000568e+01 3.945496699999999768e-08
9.700000000000000000e+01 3.586017544000000381e-08
9.709999999999999432e+01 3.244857446000000721e-08
9.720000000000000284e+01 2.921836899000000097e-08
9.729999999999999716e+01 2.616777491000000067e-08
9.740000000000000568e+01 2.329502050999999758e-08
9.750000000000000000e+01 2.059834356999999939e-08
9.759999999999999432e+01 1.807599427999999937e-08
9.770000000000000284e+01 1.572623450999999981e-08
9.779999999999999716e+01 1.354733707999999907e-08
9.790000000000000568e+01 1.153758575999999814e-08
9.800000000000000000e+01 9.695275270000000688e-09
9.809999999999999432e+01 8.018712009999999558e-09
9.820000000000000284e+01 6.506212892000000159e-09
9.829999999999999716e+01 5.156105997000000234e-09
9.840000000000000568e+01 3.966730429000000330e-09
9.850000000000000000e+01 2.936435803999999511e-09
9.859999999999999432e+01 2.063582834000000198e-09
9.870000000000000284e+01 1.346542815999999749e-09
9.879999999999999716e+01 7.836978509999999732e-10
9.890000000000000568e+01 3.734441217000000417e-10
9.900000000000000000e+01 1.141758106000000052e-10
9.909999999999999432e+01 4.311230423000000307e-12
9.920000000000000284e+01 4.227913771000000434e-11
9.929999999999999716e+01 2.265186204000000018e-10
9.940000000000000568e+01 5.554790752000000129e-10
9.950000000000000000e+01 1.027620124000000112e-09
9.959999999999999432e+01 1.641411569999999985e-09
9.970000000000000284e+01 2.395333378000000116e-09
9.979999999999999716e+01 3.287875543000000043e-09
9.990000000000000568e+01 4.317538206999999605e-09
1.000000000000000000e+02 5.482831366999998601e-09
