1.201023998230045908e+00 1.681013159196596551e-01 1.369350134595618940e+00 5.983246908655763486e-04
2.058356576879652344e+00 6.535927840275665979e-01 2.192118828381450779e+00 1.099224654038669091e-02
3.014946906561468243e+00 9.322422911885041019e-01 3.107502325431553025e+00 6.347009391992090854e-02
3.994883586387326879e+00 9.925933441558441039e-01 4.060439555342699514e+00 1.661422916878108058e-01
5.002717127062024538e+00 9.992106561420819322e-01 5.046811631550249366e+00 3.094388260955780456e-01
6.000409090819666780e+00 1.000000000000000000e+00 6.031191617160785334e+00 4.805835010060361956e-01
6.996757361775020279e+00 1.000000000000000000e+00 7.017268422244030468e+00 6.193915962966730637e-01
7.996213155014427088e+00 1.000000000000000000e+00 8.012145311935077174e+00 7.439108569174637253e-01
9.002517319361585280e+00 1.000000000000000000e+00 9.007113784266701728e+00 8.299072954453848849e-01
1.000657815355570612e+01 1.000000000000000000e+00 1.000450786709571815e+01 8.965994464215104598e-01
1.099337949657754621e+01 1.000000000000000000e+00 1.100023853994571255e+01 9.315302634224813527e-01
1.199424331213531225e+01 1.000000000000000000e+00 1.200129760389452116e+01 9.612224448897795925e-01
1.299976030458523191e+01 1.000000000000000000e+00 1.300092986524355609e+01 9.794602103591982800e-01
1.399741428552517597e+01 1.000000000000000000e+00 1.400419266127809870e+01 9.891282259703312318e-01
1.499876715431506291e+01 1.000000000000000000e+00 1.499871026345225644e+01 9.934409687184662108e-01
1.599739933999442343e+01 1.000000000000000000e+00 1.600021386610027463e+01 9.953351587060136341e-01
1.700150098099525309e+01 1.000000000000000000e+00 1.700352685285863075e+01 9.984006397441023140e-01
1.799860263427981977e+01 1.000000000000000000e+00 1.800041244873131774e+01 9.988912408023384870e-01
1.900134147267132434e+01 1.000000000000000000e+00 1.899607399217942216e+01 9.994005994005994431e-01
1.999831697951751508e+01 1.000000000000000000e+00 2.000181451214572448e+01 9.995020416293197707e-01
2.099532085774772838e+01 1.000000000000000000e+00 2.100233840177845224e+01 1.000000000000000000e+00
2.200046540211037183e+01 1.000000000000000000e+00 2.200527953088227662e+01 9.998004390341249659e-01
2.300091868669110795e+01 1.000000000000000000e+00 2.300587218373482656e+01 9.998995075871771609e-01
2.399816068808685543e+01 1.000000000000000000e+00 2.400217408667543850e+01 1.000000000000000000e+00
2.499835258025546025e+01 1.000000000000000000e+00 2.500530136459417463e+01 1.000000000000000000e+00
2.600097722019573609e+01 1.000000000000000000e+00 2.599917775138286657e+01 1.000000000000000000e+00
2.700068960886196479e+01 1.000000000000000000e+00 2.700181805487196129e+01 1.000000000000000000e+00
2.800308841785005853e+01 1.000000000000000000e+00 2.800431018119861903e+01 1.000000000000000000e+00
2.900051750717530652e+01 1.000000000000000000e+00 2.900322771722039761e+01 1.000000000000000000e+00
3.000277350104203222e+01 1.000000000000000000e+00 2.999479948362418469e+01 1.000000000000000000e+00
3.099828008866174400e+01 1.000000000000000000e+00 3.099922628026257598e+01 1.000000000000000000e+00
3.200612539877671736e+01 1.000000000000000000e+00 3.199757595911594876e+01 1.000000000000000000e+00
3.300140036715443159e+01 1.000000000000000000e+00 3.300308824809779651e+01 1.000000000000000000e+00
3.400204839683812708e+01 1.000000000000000000e+00 3.400222980697645880e+01 1.000000000000000000e+00
3.499952016735289106e+01 1.000000000000000000e+00 3.500115283793889631e+01 1.000000000000000000e+00
3.599915766064439282e+01 1.000000000000000000e+00 3.599428293495805775e+01 1.000000000000000000e+00
3.700456759177482979e+01 1.000000000000000000e+00 3.700336016898307179e+01 1.000000000000000000e+00
3.800000714269578594e+01 1.000000000000000000e+00 3.799998645447545442e+01 1.000000000000000000e+00
3.900588766841330823e+01 1.000000000000000000e+00 3.900124810752338078e+01 1.000000000000000000e+00
3.999555184276873376e+01 1.000000000000000000e+00 3.999978798068570995e+01 1.000000000000000000e+00
4.099907231942882646e+01 1.000000000000000000e+00 4.099875703517513159e+01 1.000000000000000000e+00
4.200303713160452901e+01 1.000000000000000000e+00 4.200404075330816056e+01 1.000000000000000000e+00
4.300272348865072303e+01 1.000000000000000000e+00 4.299923996571712337e+01 1.000000000000000000e+00
4.400409899692475335e+01 1.000000000000000000e+00 4.400031304198727611e+01 1.000000000000000000e+00
4.500101201096904902e+01 1.000000000000000000e+00 4.500094111317449830e+01 1.000000000000000000e+00
4.599955185667990776e+01 1.000000000000000000e+00 4.599833177145693952e+01 1.000000000000000000e+00
4.699922164529988322e+01 1.000000000000000000e+00 4.699808950093994042e+01 1.000000000000000000e+00
4.799688544185998040e+01 1.000000000000000000e+00 4.800065719652777574e+01 1.000000000000000000e+00
4.899585014464917521e+01 1.000000000000000000e+00 4.899848874908549590e+01 1.000000000000000000e+00
5.000295954166605839e+01 1.000000000000000000e+00 4.999969240966566986e+01 1.000000000000000000e+00
5.100654104439642111e+01 1.000000000000000000e+00 5.099676385320321970e+01 1.000000000000000000e+00
5.199752927928395252e+01 1.000000000000000000e+00 5.199875709107600841e+01 1.000000000000000000e+00
5.300266115537171174e+01 1.000000000000000000e+00 5.300150455255409554e+01 1.000000000000000000e+00
5.400053285697827476e+01 1.000000000000000000e+00 5.399678620719986100e+01 1.000000000000000000e+00
5.500036115312369844e+01 1.000000000000000000e+00 5.500163974434804715e+01 1.000000000000000000e+00
5.599636461280096711e+01 1.000000000000000000e+00 5.600496135741136072e+01 1.000000000000000000e+00
5.700290006447655600e+01 1.000000000000000000e+00 5.699788967724154531e+01 1.000000000000000000e+00
5.800323129415670564e+01 1.000000000000000000e+00 5.800098932845263988e+01 1.000000000000000000e+00
5.900116644222011786e+01 1.000000000000000000e+00 5.900216320608598153e+01 1.000000000000000000e+00
6.000333696966834651e+01 1.000000000000000000e+00 6.000371830661985229e+01 1.000000000000000000e+00
6.099891697788755351e+01 1.000000000000000000e+00 6.099343429277800510e+01 1.000000000000000000e+00
6.199318749220659441e+01 1.000000000000000000e+00 6.199974162037949554e+01 1.000000000000000000e+00
6.299962551961713331e+01 1.000000000000000000e+00 6.300289167786731781e+01 1.000000000000000000e+00
6.400075196957681101e+01 1.000000000000000000e+00 6.400245017836793693e+01 1.000000000000000000e+00
6.500040105158599602e+01 1.000000000000000000e+00 6.500179461043741469e+01 1.000000000000000000e+00
6.600013189789297030e+01 1.000000000000000000e+00 6.600021134221701402e+01 1.000000000000000000e+00
6.700414551057666301e+01 1.000000000000000000e+00 6.700193878950366866e+01 1.000000000000000000e+00
6.800251735734308056e+01 1.000000000000000000e+00 6.800427061816145624e+01 1.000000000000000000e+00
6.899496169792246292e+01 1.000000000000000000e+00 6.900064695279151294e+01 1.000000000000000000e+00
7.000074753634069680e+01 1.000000000000000000e+00 6.999966760216345563e+01 1.000000000000000000e+00
7.099616698915866664e+01 1.000000000000000000e+00 7.099692947362269990e+01 1.000000000000000000e+00
7.200403009792158571e+01 1.000000000000000000e+00 7.200062819293728467e+01 1.000000000000000000e+00
7.300002113987824259e+01 1.000000000000000000e+00 7.299723891363193218e+01 1.000000000000000000e+00
7.399540643108818472e+01 1.000000000000000000e+00 7.400121439048102445e+01 1.000000000000000000e+00
7.500109088843097993e+01 1.000000000000000000e+00 7.500074532208087419e+01 1.000000000000000000e+00
7.600274651229128153e+01 1.000000000000000000e+00 7.600018118366308784e+01 1.000000000000000000e+00
7.699795773875682414e+01 1.000000000000000000e+00 7.699965743717739031e+01 1.000000000000000000e+00
7.799576675041069507e+01 1.000000000000000000e+00 7.800367936619861098e+01 1.000000000000000000e+00
7.900096236876231615e+01 1.000000000000000000e+00 7.900030896446409656e+01 1.000000000000000000e+00
7.999725211955963289e+01 1.000000000000000000e+00 7.999816734900107917e+01 1.000000000000000000e+00
8.099892075169096017e+01 1.000000000000000000e+00 8.099912719604661504e+01 1.000000000000000000e+00
8.199830611187238105e+01 1.000000000000000000e+00 8.200006130397292736e+01 1.000000000000000000e+00
8.299826078897098114e+01 1.000000000000000000e+00 8.300078147110671978e+01 1.000000000000000000e+00
8.399913021417613379e+01 1.000000000000000000e+00 8.399796755522723402e+01 1.000000000000000000e+00
8.499919951892967163e+01 1.000000000000000000e+00 8.499860455258080094e+01 1.000000000000000000e+00
8.600167289722790542e+01 1.000000000000000000e+00 8.600238705625312718e+01 1.000000000000000000e+00
8.700071688621662247e+01 1.000000000000000000e+00 8.700198423680276960e+01 1.000000000000000000e+00
8.800585620532483233e+01 1.000000000000000000e+00 8.800280482512812341e+01 1.000000000000000000e+00
8.900042382164863852e+01 1.000000000000000000e+00 8.900271351615550941e+01 1.000000000000000000e+00
8.999760388904253716e+01 1.000000000000000000e+00 8.999892647275076740e+01 1.000000000000000000e+00
9.100050336007765850e+01 1.000000000000000000e+00 9.099947137446822865e+01 1.000000000000000000e+00
9.200171915198286854e+01 1.000000000000000000e+00 9.200124809279859051e+01 1.000000000000000000e+00
9.300212540567618191e+01 1.000000000000000000e+00 9.299852432614707709e+01 1.000000000000000000e+00
9.399871717025571627e+01 1.000000000000000000e+00 9.399676200405889404e+01 1.000000000000000000e+00
9.500230667353490333e+01 1.000000000000000000e+00 9.499738814572943113e+01 1.000000000000000000e+00
9.600206870144840821e+01 1.000000000000000000e+00 9.600098338433629408e+01 1.000000000000000000e+00
9.700233354655544815e+01 1.000000000000000000e+00 9.700456090211631022e+01 1.000000000000000000e+00
9.800066868308054779e+01 1.000000000000000000e+00 9.800217414007927630e+01 1.000000000000000000e+00
9.900539602695978658e+01 1.000000000000000000e+00 9.900552904709965674e+01 1.000000000000000000e+00
9.974782203196093633e+01 1.000000000000000000e+00 9.975015725111880727e+01 1.000000000000000000e+00
