1.000000000000000000e+00 1.170000000000000068e-01
1.500000000000000000e+00 1.782003659999999989e-01
2.000000000000000000e+00 2.374195600000000295e-01
2.500000000000000000e+00 2.989173400000000314e-01
3.000000000000000000e+00 3.604301599999999994e-01
3.500000000000000000e+00 4.180016400000000076e-01
4.000000000000000000e+00 4.759462600000000099e-01
4.500000000000000000e+00 5.384299399999999958e-01
5.000000000000000000e+00 6.010902200000000084e-01
5.500000000000000000e+00 6.708651199999999815e-01
6.000000000000000000e+00 7.406400199999999545e-01
6.500000000000000000e+00 7.962220000000000963e-01
7.000000000000000000e+00 8.519725599999999899e-01
7.500000000000000000e+00 9.204837200000000053e-01
8.000000000000000000e+00 9.889948799999999096e-01
8.500000000000000000e+00 1.051732260000000085e+00
9.000000000000000000e+00 1.113705740000000111e+00
9.500000000000000000e+00 1.175679219999999914e+00
1.000000000000000000e+01 1.237652699999999939e+00
1.050000000000000000e+01 1.299626179999999964e+00
1.100000000000000000e+01 1.361599659999999989e+00
1.150000000000000000e+01 1.423573140000000015e+00
1.200000000000000000e+01 1.485546620000000040e+00
1.250000000000000000e+01 1.547520099999999843e+00
1.300000000000000000e+01 1.609493580000000090e+00
1.350000000000000000e+01 1.671467059999999893e+00
1.400000000000000000e+01 1.733440539999999919e+00
1.450000000000000000e+01 1.795414019999999944e+00
1.500000000000000000e+01 1.857387499999999969e+00
1.550000000000000000e+01 1.922648240000000230e+00
1.600000000000000000e+01 1.988799720000000049e+00
1.650000000000000000e+01 2.054951200000000089e+00
1.700000000000000000e+01 2.121102599999999949e+00
1.750000000000000000e+01 2.187254199999999926e+00
1.800000000000000000e+01 2.253405600000000231e+00
1.850000000000000000e+01 2.319556999999999647e+00
1.900000000000000000e+01 2.385708600000000068e+00
1.950000000000000000e+01 2.451859999999999928e+00
2.000000000000000000e+01 2.518011599999999905e+00
2.050000000000000000e+01 2.584163000000000210e+00
2.100000000000000000e+01 2.650314400000000070e+00
2.150000000000000000e+01 2.716466000000000047e+00
2.200000000000000000e+01 2.782617399999999908e+00
2.250000000000000000e+01 2.848768800000000212e+00
2.300000000000000000e+01 2.914920400000000189e+00
2.350000000000000000e+01 2.981071800000000049e+00
2.400000000000000000e+01 3.047223199999999910e+00
2.450000000000000000e+01 3.113374799999999887e+00
2.500000000000000000e+01 3.179526199999999747e+00
2.550000000000000000e+01 3.245677799999999724e+00
2.600000000000000000e+01 3.311829200000000029e+00
2.650000000000000000e+01 3.377980600000000333e+00
2.700000000000000000e+01 3.444132200000000310e+00
2.750000000000000000e+01 3.510283599999999726e+00
2.800000000000000000e+01 3.576435000000000031e+00
2.850000000000000000e+01 3.642586600000000008e+00
2.900000000000000000e+01 3.708738000000000312e+00
2.950000000000000000e+01 3.774889599999999845e+00
3.000000000000000000e+01 3.843977800000000222e+00
3.050000000000000000e+01 3.915209800000000406e+00
3.100000000000000000e+01 3.986441600000000030e+00
3.150000000000000000e+01 4.057673400000000541e+00
3.200000000000000000e+01 4.128905399999999837e+00
3.250000000000000000e+01 4.200137200000000348e+00
3.300000000000000000e+01 4.271368999999999971e+00
3.350000000000000000e+01 4.342601000000000155e+00
3.400000000000000000e+01 4.413832799999999779e+00
3.450000000000000000e+01 4.485064799999999963e+00
3.500000000000000000e+01 4.556296600000000474e+00
3.550000000000000000e+01 4.627528400000000097e+00
3.600000000000000000e+01 4.698760400000000281e+00
3.650000000000000000e+01 4.769992199999999904e+00
3.700000000000000000e+01 4.841224000000000416e+00
3.750000000000000000e+01 4.912455999999999712e+00
3.800000000000000000e+01 4.983687800000000223e+00
3.850000000000000000e+01 5.054919599999999846e+00
3.900000000000000000e+01 5.126151600000000030e+00
3.950000000000000000e+01 5.197383399999999654e+00
4.000000000000000000e+01 5.268615399999999838e+00
4.050000000000000000e+01 5.339847200000000349e+00
4.100000000000000000e+01 5.411078999999999972e+00
4.150000000000000000e+01 5.482311000000000156e+00
4.200000000000000000e+01 5.553542799999999779e+00
4.250000000000000000e+01 5.624080800000000657e+00
4.300000000000000000e+01 5.692593200000000131e+00
4.350000000000000000e+01 5.761105600000000493e+00
4.400000000000000000e+01 5.829617799999999406e+00
4.450000000000000000e+01 5.898130199999999768e+00
4.500000000000000000e+01 5.966642600000000130e+00
4.550000000000000000e+01 6.035154999999999603e+00
4.600000000000000000e+01 6.103667200000000292e+00
4.650000000000000000e+01 6.172179600000000654e+00
4.700000000000000000e+01 6.240692000000000128e+00
4.750000000000000000e+01 6.309204399999999602e+00
4.800000000000000000e+01 6.377716599999999403e+00
4.850000000000000000e+01 6.446229000000000653e+00
4.900000000000000000e+01 6.514741400000000127e+00
4.950000000000000000e+01 6.583253799999999600e+00
5.000000000000000000e+01 6.651766200000000850e+00
5.050000000000000000e+01 6.720278399999999763e+00
5.100000000000000000e+01 6.788790799999999237e+00
5.150000000000000000e+01 6.857303200000000487e+00
5.200000000000000000e+01 6.925815599999999961e+00
5.250000000000000000e+01 6.994327799999999762e+00
5.300000000000000000e+01 7.062840200000001012e+00
5.350000000000000000e+01 7.131352600000000486e+00
5.400000000000000000e+01 7.199864999999999959e+00
5.450000000000000000e+01 7.268377400000000321e+00
5.500000000000000000e+01 7.336889600000000122e+00
5.550000000000000000e+01 7.405401999999999596e+00
5.600000000000000000e+01 7.473914399999999070e+00
5.650000000000000000e+01 7.542426800000000320e+00
5.700000000000000000e+01 7.610939000000000121e+00
5.750000000000000000e+01 7.679451399999999595e+00
5.800000000000000000e+01 7.751732000000000511e+00
5.850000000000000000e+01 7.835462799999999284e+00
5.900000000000000000e+01 7.919193800000000394e+00
5.950000000000000000e+01 8.002924600000000055e+00
6.000000000000000000e+01 8.086655399999999716e+00
6.050000000000000000e+01 8.170386399999999938e+00
6.100000000000000000e+01 8.254117199999999599e+00
6.150000000000000000e+01 8.337848199999999821e+00
6.200000000000000000e+01 8.421578999999999482e+00
6.250000000000000000e+01 8.505310000000001480e+00
6.300000000000000000e+01 8.589040799999999365e+00
6.350000000000000000e+01 8.672771799999999587e+00
6.400000000000000000e+01 8.756502600000001024e+00
6.450000000000000000e+01 8.840233400000000685e+00
6.500000000000000000e+01 8.923964400000000907e+00
6.550000000000000000e+01 9.007695200000000568e+00
6.600000000000000000e+01 9.091426199999999014e+00
6.650000000000000000e+01 9.175157000000000451e+00
6.700000000000000000e+01 9.258888000000000673e+00
6.750000000000000000e+01 9.342618799999998558e+00
6.800000000000000000e+01 9.426349800000000556e+00
6.850000000000000000e+01 9.510080600000000217e+00
6.900000000000000000e+01 9.593811399999999878e+00
6.950000000000000000e+01 9.677542400000000100e+00
7.000000000000000000e+01 9.761273199999999761e+00
7.050000000000000000e+01 9.844289800000000312e+00
7.100000000000000000e+01 9.919941599999999582e+00
7.150000000000000000e+01 9.995593399999998852e+00
7.200000000000000000e+01 1.007124499999999934e+01
7.250000000000000000e+01 1.014689680000000038e+01
7.300000000000000000e+01 1.022254859999999965e+01
7.350000000000000000e+01 1.029820040000000070e+01
7.400000000000000000e+01 1.037385219999999997e+01
7.450000000000000000e+01 1.044950399999999924e+01
7.500000000000000000e+01 1.052515580000000028e+01
7.550000000000000000e+01 1.060080760000000133e+01
7.600000000000000000e+01 1.067645940000000060e+01
7.650000000000000000e+01 1.075211119999999987e+01
7.700000000000000000e+01 1.082776299999999914e+01
7.750000000000000000e+01 1.090341480000000018e+01
7.800000000000000000e+01 1.097906639999999889e+01
7.850000000000000000e+01 1.105471819999999994e+01
7.900000000000000000e+01 1.113037000000000099e+01
7.950000000000000000e+01 1.120602180000000025e+01
8.000000000000000000e+01 1.128167359999999952e+01
8.050000000000000000e+01 1.135732540000000057e+01
8.100000000000000000e+01 1.143297719999999984e+01
8.150000000000000000e+01 1.150862899999999911e+01
8.200000000000000000e+01 1.158428080000000016e+01
8.250000000000000000e+01 1.165993260000000120e+01
8.300000000000000000e+01 1.173558440000000047e+01
8.350000000000000000e+01 1.181123619999999974e+01
8.400000000000000000e+01 1.188688780000000023e+01
8.450000000000000000e+01 1.196253959999999950e+01
8.500000000000000000e+01 1.203819140000000054e+01
8.550000000000000000e+01 1.211384319999999981e+01
8.600000000000000000e+01 1.218949500000000086e+01
8.650000000000000000e+01 1.226514680000000013e+01
8.700000000000000000e+01 1.234079859999999940e+01
8.750000000000000000e+01 1.241645039999999867e+01
8.800000000000000000e+01 1.249210220000000149e+01
8.850000000000000000e+01 1.256775400000000076e+01
8.900000000000000000e+01 1.264340579999999825e+01
8.950000000000000000e+01 1.271905759999999930e+01
9.000000000000000000e+01 1.279470920000000156e+01
9.050000000000000000e+01 1.287018900000000166e+01
9.100000000000000000e+01 1.294480460000000122e+01
9.150000000000000000e+01 1.301942040000000134e+01
9.200000000000000000e+01 1.309403600000000090e+01
9.250000000000000000e+01 1.316865160000000046e+01
9.300000000000000000e+01 1.324326720000000002e+01
9.350000000000000000e+01 1.331788279999999958e+01
9.400000000000000000e+01 1.339249839999999914e+01
9.450000000000000000e+01 1.346711419999999926e+01
9.500000000000000000e+01 1.354172979999999882e+01
9.550000000000000000e+01 1.361634539999999838e+01
9.600000000000000000e+01 1.369096099999999794e+01
9.650000000000000000e+01 1.376557660000000105e+01
9.700000000000000000e+01 1.384019240000000117e+01
9.750000000000000000e+01 1.391480800000000073e+01
9.800000000000000000e+01 1.398942360000000029e+01
9.850000000000000000e+01 1.406403919999999985e+01
9.900000000000000000e+01 1.413865479999999941e+01
9.950000000000000000e+01 1.421327039999999897e+01
1.000000000000000000e+02 1.428788619999999909e+01
