1    0
2    0
3    0
4    0
5    0
6    0.0991872
7    0
8    0
9    0
10    0
11    0.198873
12    0
13    0.0988829
14    0
15    0.0987288
16    0
17    0
18    0
19    0
20    0
21    0
22    0
23    0
24    0
25    0.19795
26    0.0991397
27    0
28    0
29    0
30    0
31    0
32    0
33    0.0990348
34    0.0991601
35    0
36    0
37    0
38    0
39    0.19797
40    0
41    0
42    0.098834
43    0
44    0
45    0
46    0
47    0
48    0
49    0
50    0
51    0
52    0
53    0
54    0
55    0
56    0
57    0
58    0
59    0.0989675
60    0
61    0
62    0
63    0
64    0
65    0.0988299
66    0.0992049
67    0
68    0
69    0.098527
70    0
71    0
72    0
73    0
74    0
75    0
76    0.0989745
77    0
78    0
79    0
80    0
81    0
82    0.0988818
83    0.198086
84    0.0988614
85    0.198085
86    0
87    0
88    0
89    0
90    0
91    0
92    0
93    0.0992049
94    0
95    0
96    0
97    0
98    0.0989768
99    0
100    0.0990786
101    0
102    0
103    0.0986917
104    0.197548
105    0
106    0
107    0.0989432
108    0
109    0.0992679
110    0
111    0
112    0
113    0.098834
114    0
115    0.0988011
116    0
117    0
118    0
119    0
120    0
121    0
122    0
123    0
124    0
125    0
126    0
127    0
128    0
129    0.0990975
130    0
131    0
132    0.198427
133    0
134    0
135    0
136    0.0991872
137    0.0987561
138    0
139    0
140    0.0986669
141    0
142    0.0992852
143    0.0990348
144    0
145    0.0993566
146    0.0991466
147    0.0995202
148    0
149    0
150    0
151    0
152    0.0987735
153    0
154    0.099525
155    0
156    0
157    0
158    0.099244
159    0
160    0.0989784
161    0
162    0
163    0
164    0.0990086
165    0.296998
166    0
167    0
168    0
169    0.0990428
170    0
171    0.198194
172    0
173    0.0990786
174    0.0992167
175    0.098918
176    0.0992728
177    0
178    0.0990412
179    0.0989787
180    0.296672
181    0
182    0.197829
183    0
184    0.0990086
185    0.0990115
186    0.197912
187    0.396364
188    0.197916
189    0.198145
190    0.296578
191    0.297259
192    0.494594
193    0.297044
194    0.197894
195    0.395818
196    0.297819
197    0.693749
198    0.892297
199    0.495142
200    0.593459
201    0.396591
202    0.395892
203    0.990635
204    0.495523
205    0.593813
206    0.693305
207    1.18738
208    0.594776
209    1.2853
210    1.38811
211    0.592703
212    1.88151
213    1.5857
214    1.48523
215    0.891627
216    1.28711
217    1.88216
218    1.98044
219    1.97969
220    1.97937
221    1.48598
222    1.6849
223    2.08184
224    2.47599
225    2.17784
226    1.98191
227    2.57415
228    1.97917
229    3.56463
230    1.38737
231    2.77417
232    2.57411
233    2.97124
234    2.67412
235    3.86214
236    2.57524
237    3.66386
238    3.86288
239    4.06175
240    3.0727
241    3.16971
242    14.6539
243    4.05942
244    4.25806
245    4.46061
246    4.06044
247    4.25785
248    5.34686
249    5.24699
250    5.74315
251    5.44691
252    4.26028
253    6.14137
254    5.64707
255    7.33154
256    7.42753
257    5.74079
258    7.62902
259    11.1924
260    4.6557
261    7.72684
262    8.02325
263    5.44462
264    6.6392
265    8.02156
266    9.41103
267    7.62721
268    9.01302
269    10.5964
270    10.2053
271    8.51894
272    9.70594
273    9.31273
274    14.267
275    12.2785
276    9.9079
277    10.2026
278    10.7973
279    10.5019
280    10.7
281    12.3814
282    14.6602
283    14.9583
284    14.8574
285    12.2801
286    14.0604
287    16.4398
288    13.8652
289    12.277
290    13.265
291    14.8574
292    15.2486
293    14.5577
294    16.6408
295    17.8278
296    198.49
297    12.2801
298    15.0547
299    15.3523
300    14.8543
301    15.3483
302    13.6677
303    14.7567
304    13.87
305    14.1649
306    18.0242
307    14.0645
308    16.8341
309    16.1455
310    17.2326
311    19.2155
312    18.9179
313    17.3304
314    16.8351
315    19.8066
316    15.6491
317    17.238
318    18.8141
319    18.4219
320    18.6236
321    19.3155
322    20.106
323    18.9148
324    23.671
325    18.6151
326    17.7309
327    18.8169
328    21.5926
329    19.8075
330    22.7742
331    23.2729
332    20.6929
333    19.2156
334    20.2042
335    24.0606
336    22.2846
337    21.1929
338    21.9845
339    21.1941
340    23.4712
341    23.7658
342    23.2761
343    23.8678
344    23.5736
345    23.6691
346    24.0653
347    24.961
348    23.3706
349    21.1965
350    26.1471
351    21.9849
352    962.584
353    14.066
354    15.0556
355    12.9777
356    13.8675
357    13.3738
358    13.274
359    11.8885
360    15.8433
361    15.1528
362    13.9648
363    12.6808
364    13.4709
365    14.659
366    15.8408
367    17.0342
368    15.45
369    17.3279
370    12.2805
371    15.3522
372    17.0319
373    15.651
374    15.1596
375    16.4409
376    15.7432
377    14.8573
378    16.5405
379    18.8209
380    15.8457
381    15.6491
382    17.2287
383    15.9462
384    17.334
385    17.8275
386    17.3308
387    27.9284
388    15.2535
389    32.7879
390    12.6806
391    17.4278
392    15.0616
393    16.2406
394    14.9567
395    17.4299
396    18.3205
397    16.0441
398    16.5446
399    17.8289
400    15.4451
401    16.5368
402    17.9293
403    17.626
404    17.0376
405    18.523
406    20.7983
407    17.0322
408    15.6459
409    14.1591
410    15.4521
411    16.3416
412    15.8443
413    17.0314
414    16.8403
415    17.0366
416    18.228
417    17.1351
418    16.3432
419    18.1199
420    18.8112
421    20.3008
422    16.8417
423    19.2125
424    16.9351
425    17.8254
426    17.8278
427    15.8493
428    18.5232
429    19.3053
430    16.4422
431    18.4235
432    16.5417
433    18.2232
434    18.0233
435    19.3104
436    17.4339
437    21.9861
438    19.8108
439    20.4005
440    18.4169
441    19.6108
442    19.7112
443    16.143
444    18.2234
445    18.4243
446    19.0182
447    20.6988
448    18.4223
449    18.8183
450    18.0256
451    19.6149
452    18.4272
453    17.7271
454    23.9704
455    33.0804
456    18.4233
457    17.4274
458    16.2397
459    19.8104
460    18.3226
461    18.6203
462    32.6817
463    18.5231
464    17.8302
465    18.5175
466    17.4327
467    21.0933
468    20.0057
469    19.2163
470    27.9353
471    18.3193
472    17.6342
473    22.6793
474    18.6201
475    23.871
476    19.5173
477    19.1161
478    19.0151
479    20.9936
480    20.704
481    36.1529
482    17.5309
483    18.723
484    19.5132
485    16.4396
486    21.4892
487    19.1158
488    53.0804
489    21.2928
490    17.9239
491    17.1365
492    20.696
493    17.8233
494    18.1282
495    20.6041
496    21.4986
497    16.4388
498    20.8001
499    21.4975
500    19.8069
501    20.8942
502    19.4154
503    19.6078
504    21.4904
505    18.122
506    19.1168
507    22.775
508    20.011
509    17.2362
510    24.2645
511    49.7209
512    26.547
513    28.6254
514    27.4395
515    25.7584
516    28.7262
517    26.343
518    24.6628
519    28.5246
520    30.4052
521    23.2761
522    29.2168
523    28.1292
524    26.0495
525    26.5464
526    29.0192
527    26.4429
528    28.1241
529    28.9218
530    26.9376
531    29.4161
532    28.0306
533    30.011
534    41.6008
535    28.9179
536    29.4205
537    34.7659
538    27.1428
539    26.841
540    26.0499
541    30.0124
542    26.9466
543    35.8515
544    34.0702
545    27.6312
546    27.2376
547    27.035
548    25.9506
549    27.236
550    26.0507
551    25.9501
552    28.5208
553    30.7073
554    29.1197
555    27.6382
556    28.4251
557    28.1279
558    28.1284
559    28.4332
560    26.1507
561    25.4473
562    30.1129
563    28.8274
564    27.7282
565    28.0257
566    27.3318
567    27.5454
568    27.7286
569    28.1326
570    26.9369
571    27.4301
572    27.3354
573    32.892
574    31.0007
575    28.4204
576    26.0417
577    28.5305
578    23.8687
579    28.4268
580    28.0303
581    57.553
582    25.5554
583    27.1416
584    29.4172
585    27.4388
586    29.6194
587    25.9472
588    24.266
589    30.4085
590    26.8453
591    26.1502
592    29.4185
593    26.0533
594    26.6408
595    26.5436
596    29.1215
597    27.2411
598    28.8184
599    27.6317
600    27.4347
601    30.4028
602    29.2184
603    28.3184
604    29.4142
605    26.3481
606    28.5259
607    22.7807
608    24.5617
609    23.1764
610    4426.9
611    9.11223
612    10.9939
613    9.70845
614    9.90479
615    11.2902
616    17.627
617    12.9746
618    9.01254
619    10.0082
620    9.9062
621    11.2915
622    10.5956
623    8.91657
624    9.31165
625    10.2072
626    7.72345
627    10.8925
628    9.50859
629    10.2999
630    9.60843
631    11.5894
632    9.90865
633    11.0932
634    15.4451
635    9.40821
636    10.3006
637    10.3999
638    9.60483
639    10.0039
640    15.1502
641    9.90475
642    9.80572
643    10.4008
644    10.4954
645    9.90247
646    9.20996
647    10.1021
648    9.213
649    8.02034
650    13.9665
651    10.198
652    8.71574
653    8.41986
654    10.2977
655    8.71368
656    9.2141
657    9.90988
658    8.3184
659    9.6107
660    8.32127
661    14.3593
662    8.81684
663    9.70992
664    9.40997
665    10.7968
666    158.172
667    8.01883
668    11.0972
669    9.99937
670    9.90474
671    8.81539
672    10.5962
673    11.5876
674    10.3002
675    8.32205
676    12.6776
677    11.6901
678    10.2003
679    10.5967
680    8.51669
681    10.2007
682    13.4697
683    10.2988
684    18.1248
685    9.11275
686    8.3217
687    9.00935
688    9.80644
689    10.1006
690    9.5099
691    9.41209
692    9.70502
693    9.70793
694    10.5009
695    8.02092
696    9.6089
697    9.60808
698    15.3472
699    9.40888
700    10.1024
701    10.3035
702    9.70482
703    8.12167
704    59.6211
705    13.075
706    8.52083
707    9.90207
708    9.60775
709    12.4762
710    9.50686
711    22.2861
712    9.60925
713    8.71312
714    10.003
715    10.1033
716    10.5952
717    9.01894
718    10.2956
719    10.3997
720    48.3372
721    9.01263
722    10.2018
723    9.40759
724    13.9674
725    10.3024
726    8.61835
727    8.31897
728    9.90542
729    9.99942
730    9.4092
731    9.01188
732    9.60433
733    10.9956
734    16.8397
735    9.50593
736    8.61899
737    10.9937
738    10.0041
739    9.11292
740    9.9033
741    14.7578
742    9.60457
743    21.2912
744    10.0039
745    10.596
746    11.4884
747    9.01215
748    9.01301
749    9.70735
750    7.82624
751    9.11575
752    9.70751
753    22.9741
754    9.21181
755    11.3924
756    10.3029
757    9.99983
758    9.50915
759    10.9935
760    9.80793
761    7.92179
762    8.71927
763    9.90472
764    9.60927
765    8.22327
766    9.11285
767    96.1636
768    9.01443
769    596.831
770    7.52787
771    13.865
772    8.81373
773    8.81511
774    5.45099
775    8.22294
776    5.64213
777    8.21973
778    5.84448
779    7.43163
780    6.23938
781    8.12087
782    7.33095
783    7.82575
784    7.03187
785    7.82586
786    136.184
787    57.4485
788    6.34052
789    9.4096
790    6.93044
791    7.62747
792    7.23066
793    6.73655
794    6.33819
795    8.11938
796    6.53591
797    7.62842
798    5.94371
799    7.03379
800    10.6995
801    6.3388
802    7.13116
803    7.52982
804    7.52895
805    7.03272
806    8.12096
807    205.63
808    7.62853
809    5.45031
810    7.32803
811    6.23965
812    5.94031
813    6.92779
814    5.94361
815    12.381
816    6.73654
817    5.74511
818    7.32866
819    7.62258
820    7.03192
821    5.84112
822    27.4316
823    5.64557
824    5.34735
825    6.63254
826    7.12906
827    20.6041
828    4.55785
829    6.83487
830    7.52832
831    7.1285
832    6.63493
833    9.50607
834    5.94294
835    7.62956
836    8.12736
837    6.83543
838    5.74772
839    82.7
840    5.84401
841    7.02983
842    5.34964
843    6.13923
844    6.73659
845    8.51854
846    6.33786
847    6.04495
848    9.611
849    5.84682
850    6.23967
851    6.53808
852    8.51616
853    6.63659
854    6.33805
855    5.35106
856    5.645
857    6.7378
858    6.53669
859    6.53829
860    5.6459
861    7.52851
862    7.82645
863    6.23986
864    6.14092
865    6.83247
866    7.03269
867    6.53532
868    6.43932
869    6.43692
870    6.64157
871    5.15055
872    5.44897
873    8.02136
874    9.60564
875    6.34206
876    7.62289
877    5.74576
878    7.32687
879    6.43621
880    7.72462
881    8.02296
882    5.64397
883    6.83337
884    7.52444
885    6.04162
886    6.24161
887    6.04517
888    7.23231
889    5.44605
890    6.63449
891    6.23931
892    6.4375
893    6.24058
894    7.2315
895    7.52801
896    7.13064
897    5.54543
898    5.94211
899    7.82381
900    7.13141
901    7.0307
902    6.43711
903    4.75136
904    4.85341
905    19.61
906    6.04336
907    6.93242
908    8.02122
909    6.23721
910    6.83207
911    6.4393
912    6.63439
913    6.83108
914    5.44677
915    5.7438
916    9.20789
917    6.23832
918    6.63719
919    5.34768
920    4.45659
921    6.63753
922    10.0026
923    6.33675
924    7.13193
925    6.93352
926    9.21202
927    7.82259
928    5.94506
929    5.54534
930    5.9422
931    10.2048
932    6.14243
933    6.93032
934    11.7875
935    407.273
936    5.64301
937    5.84331
938    7.0316
939    6.23964
940    5.34804
941    5.64726
942    6.53844
943    4.84988
944    7.62281
945    6.43646
946    10.8923
947    4.75263
948    6.3405
949    5.24889
950    5.94184
951    5.54648
952    7.62386
953    5.54586
954    4.95073
955    5.14924
956    5.34986
957    5.94291
958    5.4474
959    5.15022
960    5.35085
961    4.85438
962    6.6376
963    6.04188
964    5.44896
965    57.7438
966    5.94214
967    4.55527
968    5.3456
969    5.15196
970    4.15801
971    6.63572
972    6.43892
973    5.34896
974    5.15085
975    5.44955
976    5.84376
977    8.42016
978    5.15094
979    6.43708
980    6.63776
981    8.02958
982    6.13983
983    5.44777
984    6.04104
985    5.44619
986    5.35034
987    4.05971
988    7.22843
989    5.54954
990    5.152
991    4.65462
992    7.4267
993    5.05092
994    5.64207
995    7.13012
996    6.13992
997    5.84143
998    5.24785
999    5.64602
1000    7.52733
1001    5.05055
1002    129.26
1003    4.6528
1004    3.36801
1005    4.95208
1006    4.6551
1007    3.96401
1008    4.75364
1009    5.44448
1010    5.54705
1011    5.64755
1012    6.43436
1013    5.05075
1014    6.53794
1015    5.24991
1016    5.14946
1017    4.4576
1018    4.95214
1019    6.04398
1020    5.93991
1021    7.13037
1022    8.02042
1023    6.33921
1024    7.32927
1025    5.14896
1026    6.63524
1027    6.83718
1028    6.23855
1029    7.72703
1030    5.84195
1031    6.53326
1032    5.64412
1033    15.0541
1034    9.21136
1035    7.5271
1036    6.93425
1037    5.94184
1038    8.51889
1039    5.94253
1040    6.04209
1041    6.23533
1042    5.64637
1043    6.63555
1044    6.14131
1045    7.92622
1046    9.41014
1047    6.63278
1048    6.04247
1049    7.52823
1050    6.93156
1051    5.84552
1052    49.8194
1053    5.74346
1054    5.84407
1055    8.52017
1056    6.43883
1057    6.93388
1058    8.22413
1059    5.24883
1060    6.14192
1061    7.52711
1062    7.53144
1063    5.54751
1064    6.73623
1065    7.0334
1066    6.73539
1067    6.33842
1068    10.7988
1069    5.64312
1070    6.43793
1071    46.0551
1072    6.73546
1073    7.42505
1074    6.339
1075    5.84258
1076    6.73435
1077    6.14138
1078    7.43126
1079    6.53769
1080    6.53803
1081    6.43739
1082    8.91477
1083    7.1345
1084    7.72937
1085    5.94097
1086    6.83702
1087    6.3389
1088    6.73479
1089    6.83228
1090    5.54394
1091    7.03599
1092    6.14266
1093    6.93077
1094    6.53781
1095    6.83505
1096    6.24172
1097    5.54813
1098    7.13381
1099    5.64439
1100    7.82285
1101    6.7369
1102    8.02637
1103    7.82643
1104    23.9665
1105    18.6243
1106    5.34672
1107    7.33025
1108    6.73215
1109    6.53722
1110    5.15071
1111    6.14119
1112    5.54844
1113    5.74102
1114    6.24145
1115    5.24807
1116    6.04046
1117    6.33828
1118    5.74252
1119    10.4966
1120    5.64498
1121    2276.7
1122    4.05938
1123    3.17009
1124    3.76192
1125    3.86333
1126    2.47523
1127    3.26823
1128    3.56702
1129    3.66698
1130    4.16278
1131    10.3967
1132    3.16879
1133    3.46901
1134    38.3405
1135    3.36844
1136    3.9614
1137    3.66538
1138    2.07976
1139    3.66335
1140    4.15776
1141    3.665
1142    4.45569
1143    4.6555
1144    4.06377
1145    3.76354
1146    3.56533
1147    4.25814
1148    3.66441
1149    4.55693
1150    5.05411
1151    3.86396
1152    5.04953
1153    3.4666
1154    4.3613
1155    2.97245
1156    248.911
1157    4.26019
1158    4.05924
1159    4.75503
1160    4.36118
1161    2.9726
1162    3.36614
1163    3.46649
1164    3.56499
1165    4.16066
1166    2.77409
1167    3.66822
1168    4.45694
1169    2.96811
1170    3.27298
1171    4.5568
1172    3.86332
1173    11.7868
1174    3.16815
1175    4.75271
1176    3.96235
1177    3.26682
1178    3.2693
1179    3.76334
1180    3.56331
1181    3.26787
1182    3.86153
1183    4.65309
1184    2.97127
1185    2.67303
1186    3.86033
1187    4.45565
1188    2.7743
1189    3.07039
1190    4.15889
1191    4.06119
1192    3.26715
1193    3.46792
1194    7.6278
1195    3.46823
1196    3.86405
1197    3.86097
1198    3.66418
1199    2.97216
1200    2.87188
1201    3.76633
1202    3.46598
1203    4.95176
1204    3.56444
1205    3.36636
1206    4.16217
1207    3.56355
1208    84.2777
1209    3.76072
1210    3.56632
1211    2.77498
1212    2.57298
1213    3.86176
1214    3.961
1215    3.27022
1216    3.56762
1217    3.6654
1218    3.17039
1219    3.66376
1220    3.66493
1221    2.87167
1222    4.35859
1223    3.66507
1224    3.26582
1225    2.87035
1226    3.17036
1227    7.82594
1228    3.86531
1229    4.16143
1230    3.06843
1231    5.44679
1232    3.56523
1233    2.87713
1234    3.16651
1235    3.27132
1236    3.46706
1237    3.3647
1238    3.6642
1239    909.412
1240    3.06923
1241    2.27647
1242    3.26901
1243    3.36751
1244    4.15796
1245    2.27669
1246    3.36792
1247    2.07808
1248    3.46761
1249    3.26841
1250    4.25835
1251    2.67372
1252    2.87277
1253    2.57515
1254    2.27862
1255    2.47665
1256    4.06134
1257    2.07952
1258    3.86649
1259    2.47688
1260    3.26818
1261    3.56732
1262    2.37647
1263    3.46724
1264    3.07167
1265    2.47578
1266    2.97291
1267    2.3761
1268    2.37875
1269    2.77282
1270    2.97193
1271    2.47592
1272    2.97123
1273    2.87363
1274    2.27872
1275    2.77341
1276    2.17771
1277    2.57588
1278    3.07142
1279    3.16835
1280    5.14881
1281    229.284
1282    2.18034
1283    2.77228
1284    3.96309
1285    7.32967
1286    2.47534
1287    2.27662
1288    1.7828
1289    2.57591
1290    3.36715
1291    3.76404
1292    2.97119
1293    2.17811
1294    3.27016
1295    3.36579
1296    2.77519
1297    2.9702
1298    2.08096
1299    2.77229
1300    2.97031
1301    3.66347
1302    3.36777
1303    2.77416
1304    21.7868
1305    3.36742
1306    2.96899
1307    2.47696
1308    2.27916
1309    3.17063
1310    2.47648
1311    3.26908
1312    3.16894
1313    2.57504
1314    2.27688
1315    3.46796
1316    3.6647
1317    14.6656
1318    2.97258
1319    2.57459
1320    3.07234
1321    2.08051
1322    3.36558
1323    3.16826
1324    3.367
1325    2.97329
1326    3.06781
1327    1.87955
1328    2.47754
1329    3.86219
1330    5.34814
1331    2.6738
1332    2.97181
1333    2.97207
1334    3.16791
1335    3.95989
1336    3.46708
1337    3.06882
1338    2.77526
1339    3.66543
1340    3.46647
1341    2.0787
1342    6.23964
1343    2.57446
1344    3.06847
1345    3.07158
1346    2.47789
1347    3.16944
1348    4.4583
1349    2.57516
1350    2.97263
1351    2.7722
1352    3.46454
1353    3.07089
1354    2.37736
1355    3.27043
1356    2.96966
1357    3.56693
1358    2.77322
1359    2.87106
1360    2.87169
1361    3.26999
1362    2.37832
1363    2.2781
1364    2.57617
1365    2.77325
1366    1.68278
1367    2.0813
1368    3.46547
1369    3.36759
1370    3.76582
1371    3.56585
1372    2.87088
1373    2.87318
1374    2.37624
1375    2.67493
1376    3.26716
1377    2.77215
1378    640.524
1379    2.57499
1380    2.47622
1381    1.58346
1382    3.46683
1383    1.88248
1384    2.2788
1385    2.67473
1386    124.791
1387    2.47852
1388    1.98147
1389    2.27806
1390    2.5751
1391    2.07909
1392    1.78222
1393    2.97188
1394    2.57374
1395    2.5746
1396    1.98042
1397    2.2788
1398    1.88103
1399    1.48623
1400    2.47399
1401    2.08141
1402    205.913
1403    2.17955
1404    1.78294
1405    1.584
1406    1.97944
1407    2.08059
1408    357.345
1409    1.98062
1410    1.68284
1411    1.68458
1412    1.97975
1413    2.07853
1414    2.18092
1415    2.47594
1416    1.98175
1417    1.58433
1418    2.07991
1419    3.267
1420    2.97103
1421    1.88215
1422    1.8807
1423    1.88431
1424    1.48424
1425    1.58605
1426    2.47688
1427    2.57381
1428    1.58377
1429    2.27875
1430    1.78307
1431    2.17822
1432    1.18912
1433    1.28779
1434    2.17961
1435    1.38546
1436    3.26644
1437    1.38749
1438    2.07934
1439    1.38602
1440    2.47664
1441    1.78365
1442    2.08029
1443    1.38783
1444    1.98123
1445    1.5843
1446    2.87193
1447    1.18736
1448    1.68381
1449    1.68472
1450    1.68189
1451    1.58495
1452    1.97908
1453    1.08878
1454    1.58421
1455    1.78164
1456    1.78355
1457    3.2706
1458    1.88245
1459    2.37665
1460    2.47646
1461    1.97899
1462    1.88314
1463    1.68529
1464    2.67502
1465    1.78346
1466    2.17931
1467    1.58598
1468    1.97993
1469    2.27733
1470    1.38632
1471    3.16993
1472    2.07973
1473    1.58233
1474    1.78243
1475    1.7835
1476    2.17954
1477    1.78087
1478    1.78358
1479    1.4844
1480    11.5907
1481    1.7829
1482    2.17932
1483    2.27876
1484    1.7836
1485    2.17699
1486    1.58618
1487    1.68403
1488    1.78249
1489    1.48536
1490    1.8806
1491    2.27592
1492    1.78325
1493    1.68438
1494    1.08872
1495    1.98005
1496    1.58355
1497    1.78432
1498    1.78298
1499    2.17868
1500    2.08077
1501    2.08117
1502    1.38763
1503    1.48579
1504    1.38617
1505    1.88121
1506    2.08054
1507    2.37543
1508    1.58435
1509    2.57484
1510    352.789
1511    2.97275
1512    1.78295
1513    2.37913
1514    1.88172
1515    2.27719
1516    3.06947
1517    2.27663
1518    1.38777
1519    2.179
1520    2.18029
1521    1.48688
1522    1.48445
1523    1.18896
1524    1.48671
1525    1.58466
1526    1.88172
1527    1.8822
1528    2.08087
1529    1.78423
1530    1.38692
1531    1.28881
1532    1.68445
1533    1.48638
1534    1.68336
1535    2.17962
1536    2.57458
1537    2.47479
1538    1.38661
1539    73.0927
1540    1.08962
1541    1.28698
1542    1.98066
1543    1.48419
1544    36.9417
1545    1.48451
1546    1.28624
1547    1.58276
1548    1.38762
1549    2.4763
1550    2.37497
1551    1.48639
1552    1.48442
1553    1.58528
1554    2.47276
1555    1.38556
1556    1.78193
1557    1.48651
1558    1.97977
1559    2.08153
1560    0.890814
1561    1.58388
1562    2.37602
1563    1.6831
1564    2.0804
1565    1.38658
1566    1.78224
1567    2.079
1568    1.98056
1569    0.693272
1570    1.28761
1571    1.7821
1572    2.27718
1573    2.08044
1574    2.178
1575    1.78201
1576    1.68397
1577    1.38815
1578    1.4863
1579    0.891405
1580    1.58526
1581    1.08983
1582    1.78254
1583    1.68237
1584    116.285
1585    1.28807
1586    1.48637
1587    2.07989
1588    1.28707
1589    1.48579
1590    0.889513
1591    1.68472
1592    1.6828
1593    1.58556
1594    1.78368
1595    45.1635
1596    0.98974
1597    1.18802
1598    0.595532
1599    2.57236
1600    30.7041
1601    1.48564
1602    1.68335
1603    1.28717
1604    2.181
1605    1.48586
1606    1.08961
1607    1.38721
1608    1.48332
1609    1.68316
1610    1.38779
1611    1.38566
1612    1.1896
1613    1.48576
1614    1.88154
1615    1.58392
1616    0.792587
1617    1.98169
1618    1.08908
1619    1.58281
1620    0.989254
1621    1.28677
1622    2.07889
1623    1.68385
1624    1.38673
1625    1.78284
1626    1.08916
1627    1.38568
1628    1.18957
1629    1.38586
1630    2.07971
1631    1.78465
1632    2.17894
1633    1.68423
1634    2.18021
1635    1.7828
1636    1.78199
1637    4.06246
1638    2.57494
1639    4.85393
1640    1.58448
1641    1.3863
1642    2.17903
1643    1.48596
1644    0.990306
1645    1.09135
1646    2.27855
1647    2.27631
1648    1.58381
1649    1.58623
1650    1.38742
1651    1.97855
1652    1.78291
1653    2.08094
1654    1.88161
1655    1.68394
1656    1.88171
1657    1.98102
1658    7.42845
1659    2.27689
1660    1.78325
1661    1.88344
1662    197.187
1663    1.38618
1664    1.28845
1665    1.68248
1666    5.04875
1667    1.8809
1668    2.674
1669    1.88006
1670    1.98193
1671    2.2788
1672    2.47639
1673    2.77343
1674    1.48512
1675    2.27724
1676    2.87406
1677    2.47636
1678    1.8816
1679    2.67405
1680    2.47787
1681    1.98018
1682    2.77184
1683    2.27692
1684    3.36678
1685    38.1232
1686    1.88144
1687    1.58205
1688    2.08147
1689    2.87301
1690    1.48591
1691    1.97862
1692    2.1796
1693    2.67541
1694    3.76655
1695    2.18142
1696    2.27783
1697    1.88287
1698    1.88234
1699    2.37727
1700    1.88236
1701    2.07959
1702    2.77261
1703    1.6844
1704    1.88316
1705    2.08044
1706    2.67383
1707    2.77482
1708    2.17834
1709    1.88243
1710    2.37733
1711    1.58509
1712    2.57492
1713    2.37555
1714    2.07798
1715    2.47618
1716    2.37432
1717    2.97195
1718    3.17114
1719    2.37759
1720    1.98301
1721    2.37663
1722    2.07823
1723    2.47565
1724    2.17947
1725    2.7744
1726    2.87437
1727    1.88212
1728    1.88084
1729    1.88175
1730    481.86
1731    2.07925
1732    1.78203
1733    1.7836
1734    2.47616
1735    2.87172
1736    1.78329
1737    1.09088
1738    6.24013
1739    2.17912
1740    1.88199
1741    1.09089
1742    1.97964
1743    2.6735
1744    2.08126
1745    2.57595
1746    1.38717
1747    1.98121
1748    3.07052
1749    1.08814
1750    2.17786
1751    1.98181
1752    2.17797
1753    2.37868
1754    1.68425
1755    2.07954
1756    2.08178
1757    2.47836
1758    1.48624
1759    2.17935
1760    2.278
1761    1.38756
1762    1.18747
1763    2.2768
1764    1.4867
1765    2643.14
1766    1.48588
1767    0.595056
1768    0.0989033
1769    0.79353
1770    0.989059
1771    0.595396
1772    0.495251
1773    0.692658
1774    0.495101
1775    0.495557
1776    0.990067
1777    0.297372
1778    0.595461
1779    0.594106
1780    0.495131
1781    0.692898
1782    0.890245
1783    0.693473
1784    0.495155
1785    0.593802
1786    0.594174
1787    0.5951
1788    0.495152
1789    0.494975
1790    0.593531
1791    0.594593
1792    0.494986
1793    0.793163
1794    0.692343
1795    0.793537
1796    0.593936
1797    0.296835
1798    0.198354
1799    0.693539
1800    0.792841
1801    1.08892
1802    0.594594
1803    0.693529
1804    1.2879
1805    0.495256
1806    0.396508
1807    0.397046
1808    0.792296
1809    1.28812
1810    0.396676
1811    0.39652
1812    0.495534
1813    0.692767
1814    1.28656
1815    0.991132
1816    0.494312
1817    0.297585
1818    0.59309
1819    0.595985
1820    0.594814
1821    0.198644
1822    0.198723
1823    0.494655
1824    0.198006
1825    0.496234
1826    0.495239
1827    0.593451
1828    0.297379
1829    0.4954
1830    0.495987
1831    0.990465
1832    1.88237
1833    0.793277
1834    0.494616
1835    0.297257
1836    0.0990638
1837    0.693368
1838    0.297053
1839    68.0492
1840    0.594152
1841    0.495728
1842    0.494363
1843    0.495113
1844    0.297273
1845    0.395244
1846    0.198233
1847    0.891163
1848    360.309
1849    0.297466
1850    0.0990122
1851    0.297014
1852    0.296323
1853    0.296683
1854    0.297612
1855    0.197919
1856    0.39632
1857    0.396343
1858    0.296771
1859    0.693278
1860    0.397046
1861    0.396164
1862    0.396534
1863    0.0987671
1864    1.28679
1865    0.396472
1866    0
1867    0.495709
1868    2.97025
1869    0.199206
1870    0.0989325
1871    0.197551
1872    0.297191
1873    0.297448
1874    34.1674
1875    0.0989712
1876    0.593875
1877    0.296746
1878    0.0991584
1879    0.396888
1880    0.198037
1881    0.198438
1882    0.297642
1883    0.0990377
1884    0
1885    0.197584
1886    0.19823
1887    0.198052
1888    0.395798
1889    0.197415
1890    0.395771
1891    13.0754
1892    0.39583
1893    0.098948
1894    0.396094
1895    0.198122
1896    29.8145
1897    0.396313
1898    0.198195
1899    9.30851
1900    0.792769
1901    0.198333
1902    0.495169
1903    0.296892
1904    0.495062
1905    0.495307
1906    0.495541
1907    0.197784
1908    0.396494
1909    0.297567
1910    0.396783
1911    0.198161
1912    2.37631
1913    0.197887
1914    0.29655
1915    0.396162
1916    0.0988916
1917    0.395857
1918    0.297162
1919    0.495547
1920    0.396438
1921    0.0991143
1922    0.395622
1923    0.0989745
1924    0.396245
1925    0.296674
1926    0.791587
1927    0.0993569
1928    0.197497
1929    0.296828
1930    0
1931    0.594182
1932    0.297365
1933    0.297637
1934    0.0990721
1935    0.39608
1936    8.81408
1937    0.396275
1938    0.197917
1939    0.297127
1940    0.495742
1941    0.197835
1942    0.297246
1943    0.197574
1944    0.19809
1945    0.396905
1946    0.495271
1947    0.198059
1948    0.296695
1949    0.198567
1950    0.198476
1951    0.0991872
1952    0
1953    0.197419
1954    0.099032
1955    0.396493
1956    0.594666
1957    0.198114
1958    0.198295
1959    0.197763
1960    0.297244
1961    0.495697
1962    0.099206
1963    0.494436
1964    0.396963
1965    0.296945
1966    0.198229
1967    0.198351
1968    0.29669
1969    0.198129
1970    0.19818
1971    0.693714
1972    0.495496
1973    0.197893
1974    0.891213
1975    0.198712
1976    0.495568
1977    0.197909
1978    0.297422
1979    0.0991685
1980    0.197641
1981    0.0992886
1982    0
1983    0.594834
1984    0.297208
1985    0.197876
1986    0.297191
1987    0.296652
1988    0.198367
1989    0.19886
1990    0.495321
1991    0.198462
1992    0.593858
1993    0.396253
1994    0.197682
1995    0.395398
1996    1.18893
1997    0
1998    0.395962
1999    0.297004
2000    0
2001    0.0990721
2002    0.0990509
2003    0.0990711
2004    0.39646
2005    0.197932
2006    0.29686
2007    0.197413
2008    0.0989603
2009    0.296511
2010    0.296694
2011    6.83239
2012    0.198521
2013    0.197898
2014    0.494682
2015    0
2016    0.396451
2017    0.19815
2018    0.296714
2019    0.59366
2020    0.197977
2021    0.396288
2022    3.26699
2023    0.098933
2024    0.198184
2025    0.0993951
2026    0.296582
2027    0.494949
2028    0.297436
2029    0.0990428
2030    0.69384
2031    0.296599
2032    0.198257
2033    0.297002
2034    0.395966
2035    0.594375
2036    0.0994106
2037    0.495018
2038    0.296947
2039    0.198264
2040    0.396902
2041    0.296759
2042    0.198501
2043    0.594231
2044    0.396546
2045    0.197854
2046    0.396801
2047    0.990726
2048    0.198354
2049    0.29728
2050    0.197793
2051    0.395982
2052    0.295814
2053    9.41142
2054    0.197966
2055    0.298079
2056    0.0990868
2057    0.0991278
2058    0.198609
2059    0.198035
2060    0.197908
2061    0.395953
2062    0.197904
2063    0.395765
2064    0.29657
2065    0.395394
2066    0
2067    0.098834
2068    0.297786
2069    0.197749
2070    0.395954
2071    0.296636
2072    0.198232
2073    0.19749
2074    0.297427
2075    0.496089
2076    0.0992728
2077    0.593668
2078    0.297521
2079    0.594061
2080    0.594732
2081    0.495498
2082    0.0989287
2083    0.29746
2084    0.198242
2085    0.0988854
2086    0.495445
2087    0.198287
2088    0.098527
2089    0.297161
2090    10.8024
2091    0.0992886
2092    0.49486
2093    0.495509
2094    0.396361
2095    0.39608
2096    0.495934
2097    0.296801
2098    0.197854
2099    0.296267
2100    0.297137
2101    0.297045
2102    0.198605
2103    0.396791
2104    0.693653
2105    0.297197
2106    0.89024
2107    0.693407
2108    0.693581
2109    0.990822
2110    13.2734
2111    0.198365
2112    0.693925
2113    0.595116
2114    0.594427
2115    0.495856
2116    0.297504
2117    0.693877
2118    0.395426
2119    197.493
2120    2.47612
2121    0.891857
2122    0.296693
2123    0.395628
2124    0
2125    0.395447
2126    0.691847
2127    0.396787
2128    0.0993682
2129    0.296585
2130    0.49407
2131    0.296998
2132    0.594905
2133    0.296969
2134    0.198191
2135    0.29664
2136    0.198564
2137    0.297338
2138    0.296933
2139    0.296758
2140    0.396332
2141    0.297057
2142    0.395914
2143    0.296974
2144    0.496035
2145    0.593606
2146    0.495464
2147    0.989871
2148    2.17768
2149    0.297649
2150    0.495295
2151    0.296832
2152    0.19755
2153    0.792571
2154    0.297572
2155    0.0989668
2156    0.39492
2157    0.197774
2158    0
2159    0.692255
2160    0.396598
2161    0.99075
2162    0.19829
2163    0.297148
2164    0.594744
2165    0.297383
2166    0.198266
2167    0.297287
2168    0.297323
2169    0.296928
2170    0.496397
2171    0.495601
2172    0.396517
2173    0.891777
2174    0.0991601
2175    0.594266
2176    0.495751
2177    0.693577
2178    0.198586
2179    0.594741
2180    0.296396
2181    0.891058
2182    0.49559
2183    0.198185
2184    0.297292
2185    0.197619
2186    0.198339
2187    0.396516
2188    0.297119
2189    0.494551
2190    0.0993951
2191    0.296914
2192    0.49479
2193    5.44916
2194    0.495871
2195    0.495305
2196    0.29687
2197    0.0991283
2198    0.0990721
2199    0.0991278
2200    0.296832
2201    0.494935
2202    0.395091
2203    0.296578
2204    0.396329
2205    859.783
2206    0
2207    0
2208    0
2209    0.198474
2210    0.0988458
2211    0
2212    0
2213    0.0991921
2214    0.0991584
2215    0.198265
2216    0.0990086
2217    0.197942
2218    0.099194
2219    0.197935
2220    0.198299
2221    0
2222    0
2223    0
2224    0.197625
2225    0
2226    0
2227    0.198053
2228    0
2229    0.0990412
2230    0.0992845
2231    0
2232    0
2233    0
2234    0
2235    0
2236    0
2237    0.0989454
2238    0.0989854
2239    0.0986669
2240    0.0991183
2241    0.198246
2242    0
2243    0
2244    0.0989794
2245    0
2246    0
2247    0.0992679
2248    0
2249    0.198302
2250    0
2251    0
2252    0.594195
2253    0
2254    0.0990504
2255    0
2256    0.0987447
2257    0
2258    0
2259    0.0991088
2260    0
2261    2.47585
2262    0.297231
2263    0.0988916
2264    0.0990319
2265    0.0990786
2266    0.0988758
2267    3.56503
2268    0.198108
2269    0.0989101
2270    0.0991195
2271    0.197893
2272    0
2273    0
2274    0
2275    0.0989794
2276    0.0988299
2277    0
2278    0
2279    0
2280    0.0990248
2281    0.198032
2282    0
2283    0.297208
2284    0.0990412
2285    0.495247
2286    0
2287    0.0986889
2288    0.892026
2289    0.0988299
2290    0.0992049
2291    0
2292    0.0987444
2293    0
2294    51.8968
2295    0
2296    0.0993682
2297    0.197828
2298    0
2299    0
2300    0
2301    0
2302    0
2303    0
2304    0
2305    0
2306    0
2307    0
2308    0.0990113
2309    0
2310    0
2311    0.0991143
2312    0
2313    0.298431
2314    0.197903
2315    0
2316    0
2317    0
2318    0
2319    0.198091
2320    0.0989125
2321    0
2322    0
2323    0
2324    0.198132
2325    0.0992167
2326    0.0992845
2327    0
2328    0
2329    0.0992197
2330    0
2331    0
2332    2.77379
2333    0
2334    0
2335    0
2336    0.0986062
2337    0
2338    0.0986062
2339    0
2340    0
2341    0
2342    0
2343    0
2344    0
2345    0
2346    0.0991768
2347    0.0990721
2348    0
2349    0
2350    0.198499
2351    0.0992852
2352    0
2353    0
2354    0.0993047
2355    0.0992852
2356    0
2357    0.198
2358    0.197867
2359    0.49465
2360    0.0993434
2361    0.595039
2362    0.396291
2363    0.0993434
2364    0.29719
2365    0
2366    0
2367    0.297563
2368    0.198044
2369    0
2370    0.0990028
2371    0.0996857
2372    0.099194
2373    0.0991283
2374    0
2375    0
2376    0.0990999
2377    0.990664
2378    0.0994102
2379    0.197771
2380    0.198577
2381    0
2382    0
2383    0
2384    0.198011
2385    0.0990604
2386    0
2387    0
2388    0
2389    0.0990248
2390    0
2391    0
2392    0.0985457
2393    0
2394    0
2395    0.0990504
2396    0.297417
2397    0.0990377
2398    0
2399    0
2400    0.297461
2401    0.0989454
2402    0.297133
2403    0.0991143
2404    0.0992203
2405    0.0989454
2406    0
2407    0.0991685
2408    0.197516
2409    0
2410    0
2411    0.0987592
2412    0.0989668
2413    0
2414    0
2415    0
2416    0
2417    0.0993016
2418    0.0990604
2419    0
2420    0
2421    0.197835
2422    0
2423    0
2424    0.0992845
2425    0.19765
2426    0
2427    0.791869
2428    0
2429    0
2430    0
2431    0
2432    0.0990248
2433    0.0988529
2434    0.0988818
2435    0.0992049
2436    0.0986889
2437    0
2438    0.29721
2439    0.495486
2440    0
2441    0.0987349
2442    0.198066
2443    0
2444    0.0988529
2445    1.18833
2446    0
2447    0
2448    250.576
2449    0
2450    0
2451    0
2452    0
2453    0
2454    0
2455    0
2456    0
2457    0
2458    0
2459    0
2460    0
2461    0
2462    0
2463    0
2464    0
2465    0
2466    0
2467    0
2468    0
2469    0
2470    0
2471    0.0994106
2472    0
2473    0
2474    0
2475    0
2476    0
2477    0
2478    0
2479    0
2480    0
2481    0
2482    0
2483    0.197999
2484    0
2485    0.0990699
2486    0
2487    0
2488    0
2489    0
2490    0
2491    0
2492    0
2493    0
2494    0
2495    0
2496    0
2497    0
2498    0
2499    0
2500    0
2501    0.0990786
2502    0
2503    0
2504    0
2505    0
2506    1.58401
2507    0
2508    0
2509    0
2510    0
2511    0
2512    0
2513    0
2514    0
2515    0
2516    0
2517    0
2518    0
2519    0
2520    0
2521    0
2522    0
2523    0
2524    0
2525    0
2526    0
2527    0
2528    0
2529    0
2530    0
2531    0
2532    0
2533    0
2534    0
2535    0
2536    0
2537    0
2538    0
2539    0
2540    0
2541    0
2542    0
2543    0
2544    0
2545    0.0988415
2546    0
2547    0
2548    0
2549    0
2550    0
2551    0
2552    0.0992679
2553    0
2554    0
2555    0
2556    0
2557    0
2558    0
2559    0
2560    0
2561    0
2562    0
2563    0
2564    0
2565    0
2566    0
2567    0
2568    0
2569    0
2570    0
2571    0
2572    0
2573    0
2574    0
2575    0
2576    0
2577    0
2578    0
2579    0
2580    0
2581    0
2582    0
2583    0
2584    0
2585    0.0989024
2586    0
2587    0
2588    0
2589    0
2590    0
2591    0
2592    0
2593    0
2594    0
2595    0
2596    0
2597    0
2598    0
2599    0
2600    0
2601    0
2602    0
2603    0
2604    0
2605    0.197866
2606    0
2607    0
2608    0.0986917
2609    0
2610    0
2611    0
2612    0
2613    0
2614    0
2615    0
2616    0
2617    0
2618    0
2619    0
2620    0
2621    0
2622    0
2623    0
2624    0
2625    0
2626    0
2627    0
2628    0
2629    0
2630    0
2631    0
2632    0
2633    0
2634    0
2635    0
2636    0
2637    0
2638    0
2639    0
2640    0
2641    0
2642    0
2643    0.0989494
2644    0
2645    0
2646    0
2647    0
2648    0
2649    0
2650    0
2651    0
2652    0.0990904
2653    0
2654    0.0996511
2655    0
2656    0
2657    0
2658    0
2659    0
2660    0
2661    0
2662    0
2663    0.0989787
2664    0
2665    0
2666    0
2667    0
2668    0
2669    0
2670    0
2671    0
2672    0
2673    0
2674    0
2675    0
2676    0
2677    0
2678    0
2679    0
2680    0
2681    0
2682    0
2683    0
2684    0
2685    0
2686    0
2687    0
2688    0
2689    0
2690    0
2691    0
2692    0
2693    0
2694    0
2695    4.75583
2696    0
2697    0
2698    0
2699    0
2700    1.08886
2701    0
2702    0
2703    0
2704    0
2705    0
2706    0
2707    0
2708    0
2709    0
2710    0
2711    0
2712    0
2713    0
2714    0
2715    0
2716    0
2717    0
2718    0
2719    0
2720    0.395628
2721    0
2722    0
2723    0
2724    0
2725    0
2726    0
2727    0
2728    0
2729    0
2730    0
2731    0
2732    0
2733    0
2734    0
2735    0
2736    0
2737    0
2738    0
2739    0
2740    0
2741    0
2742    0
2743    0
2744    0
2745    0
2746    0
2747    0
2748    0
2749    0
2750    0
2751    0
2752    0
2753    0
2754    0
2755    0
2756    0
2757    0
2758    0
2759    0
2760    0
2761    0
2762    0
2763    0
2764    0
2765    0
2766    0
2767    0
2768    0
2769    0
2770    3.06978
2771    0
2772    0
2773    0
2774    0
2775    0
2776    0
2777    0
2778    0
2779    0
2780    0
2781    0
2782    0
2783    0
2784    0
2785    0
2786    1.48497
2787    0
2788    0
2789    0
2790    0
2791    0
2792    0
2793    0
2794    0
2795    0
2796    0
2797    0
2798    0
2799    0
2800    0
2801    0
2802    0
2803    0
2804    0
2805    0
2806    0
2807    0
2808    0
2809    0
2810    0
2811    0
2812    0
2813    0
2814    0
2815    0
2816    0
2817    0
2818    0
2819    0
2820    0
2821    0
2822    0
2823    0
2824    0
2825    0
2826    0
2827    0.792317
2828    0
2829    0
2830    0
2831    0
2832    0
2833    0
2834    0
2835    0
2836    0
2837    0
2838    0
2839    0
2840    0
2841    0
2842    0
2843    0
2844    0
2845    0
2846    0
2847    0
2848    0
2849    0
2850    0
2851    0
2852    0
2853    0
2854    0
2855    0
2856    0
2857    0
2858    0
2859    0
2860    0
2861    0
2862    0
2863    0
2864    0
2865    0
2866    0
2867    0
2868    0
2869    0
2870    0
2871    0
2872    0
2873    0
2874    0
2875    0
2876    0
2877    0
2878    0
2879    0
2880    0
2881    2.17896
2882    0
2883    0
2884    0
2885    0
2886    0
2887    0
2888    0
2889    0
2890    0
2891    0
2892    0
2893    0
2894    0
2895    0
2896    0
2897    0
2898    0
2899    0
2900    0
2901    0
2902    0
2903    0
2904    0
2905    0
2906    0
2907    0
2908    0
2909    0
2910    0
2911    0
2912    0
2913    0
2914    0
2915    0
2916    0
2917    0
2918    0
2919    0
2920    0
2921    0
2922    1.68437
2923    0
2924    0
2925    0
2926    0
2927    0
2928    0
2929    0
2930    0
2931    0
2932    0
2933    0
2934    0
2935    0
2936    0
2937    0
2938    0
2939    0
2940    0
2941    0
2942    0
2943    0
2944    0
2945    0
2946    0
2947    0
2948    0
2949    0
2950    0
2951    0
2952    0
2953    0
2954    0
2955    0
2956    0
2957    0
2958    0
2959    0
2960    0
2961    0
2962    0
2963    0
2964    0
2965    0
2966    0
2967    0
2968    0
2969    0
2970    0
2971    0
2972    0
2973    0
2974    0
2975    0
2976    0
2977    0
2978    0
2979    2.47561
2980    0
2981    0
2982    0
2983    0
2984    0
2985    0
2986    0
2987    0
2988    0
2989    0
2990    0
2991    0
2992    0
2993    0
2994    0
2995    0
2996    0
2997    0
2998    0
2999    0
3000    1.88276
