1.002881316522154842e+00 9.698318496538080868e-01 1.325369424813979347e+00 1.233349777997039959e-02
2.001115719406663551e+00 9.822834645669291653e-01 2.123024006911126804e+00 1.782431052093973456e-01
3.000504431968691765e+00 9.812889812889813435e-01 3.046579676484636678e+00 4.984309623430962510e-01
4.005427540741898440e+00 9.768993839835728998e-01 4.019416182488639855e+00 6.923454367026496969e-01
4.987069565461268894e+00 9.802597402597402754e-01 5.006024810082995380e+00 8.370260955194485097e-01
6.003494648184195093e+00 9.776536312849162247e-01 5.999696315766282595e+00 8.908075165058405576e-01
6.999266671107756466e+00 9.767801857585138858e-01 6.991590459676969793e+00 9.406438631790744465e-01
7.987320836137786095e+00 9.759097898513582336e-01 7.998191811692789699e+00 9.649665121071612228e-01
8.991444657085400749e+00 9.762596899224805780e-01 9.014708068424832632e+00 9.800715380684721367e-01
9.996269034217545979e+00 9.763860369609855816e-01 1.000679671783502833e+01 9.883495145631068235e-01
1.100443827807566066e+01 9.733935742971887572e-01 1.100126584922187511e+01 9.903602232369355107e-01
1.200494369001342321e+01 9.799398194583751609e-01 1.199948140002613073e+01 9.934508816120907193e-01
1.300080018100967472e+01 9.772036474164134123e-01 1.301488464402046397e+01 9.939728779507784884e-01
1.399426749767352973e+01 9.783869267264101444e-01 1.398970397695562262e+01 9.945490584737364248e-01
1.499949669004395680e+01 9.761194029850746023e-01 1.500466620477423518e+01 9.960765080922020509e-01
1.601548842375936488e+01 9.753504108264862138e-01 1.600185410415907583e+01 9.945812807881773132e-01
1.698956793711067803e+01 9.771485345255837007e-01 1.700201265373971538e+01 9.954337899543378443e-01
1.799942506170938117e+01 9.834549878345498763e-01 1.800353705240326363e+01 9.960079840319361333e-01
1.900013376685823374e+01 9.787644787644788069e-01 1.900051044480851203e+01 9.929824561403508554e-01
1.998541549515870486e+01 9.789731051344743307e-01 1.999583027355603448e+01 9.939607448414695678e-01
2.099622928245111808e+01 9.773662551440329693e-01 2.100044985930149721e+01 9.922292374939291060e-01
2.200112977695318506e+01 9.778783308195072577e-01 2.199895726215833847e+01 9.940476190476190688e-01
2.300024676295382875e+01 9.753815854258985896e-01 2.298418291512400202e+01 9.945625308947108056e-01
2.398246126023515856e+01 9.785429141716567303e-01 2.400015947592592624e+01 9.971563981042653735e-01
2.499125768859082086e+01 9.695456814777833054e-01 2.500090638490077311e+01 9.935129740518962027e-01
2.601003265921601937e+01 9.788247750132345049e-01 2.599240710783250208e+01 9.937532535137948431e-01
2.700119385687308693e+01 9.727493917274939728e-01 2.699271405883357744e+01 9.945137157107232229e-01
2.800810625546446886e+01 9.742319127849355942e-01 2.800579001890352870e+01 9.935000000000000497e-01
2.898939824169114843e+01 9.766749379652605034e-01 2.899580894637301043e+01 9.929612870789341628e-01
2.998300453427252066e+01 9.720386375190646078e-01 2.999070150845964733e+01 9.958634953464322592e-01
3.100708999309031455e+01 9.832134292565947176e-01 3.100309713981021531e+01 9.935097353969046807e-01
3.199320856541131164e+01 9.732142857142856984e-01 3.200051718142133694e+01 9.931237721021610731e-01
3.298813457018209760e+01 9.798426745329400500e-01 3.300378925595742174e+01 9.935897435897436125e-01
3.398531528124181023e+01 9.787234042553191182e-01 3.400760947660204181e+01 9.949949949949949968e-01
3.500661734237978351e+01 9.735682819383260078e-01 3.500263523686624723e+01 9.938366718027734636e-01
3.600112661584240925e+01 9.746192893401015578e-01 3.599604643172383334e+01 9.964084145715751406e-01
3.699558694460476005e+01 9.756944444444444198e-01 3.699134661562037252e+01 9.930278884462151456e-01
3.799943356420975249e+01 9.761075161772025943e-01 3.800309955631224312e+01 9.915338645418326768e-01
3.899470283432612661e+01 9.768280123583934493e-01 3.900217934108685114e+01 9.959899749373433142e-01
3.999279692334175706e+01 9.717599596570851705e-01 3.999874315130048075e+01 9.925521350546177013e-01
4.100066075309368330e+01 9.763079960513326716e-01 4.100673669776229957e+01 9.975393700787401619e-01
4.198695952951758414e+01 9.791666666666666297e-01 4.199138980512801567e+01 9.942767950052029402e-01
4.301022374156644901e+01 9.783677482792526581e-01 4.299582797360103825e+01 9.980237154150197743e-01
4.401104472164826831e+01 9.741935483870968193e-01 4.399593249348401969e+01 9.935226706527154894e-01
4.498521692669300620e+01 9.807217004448838260e-01 4.499720539743340453e+01 9.979209979209979764e-01
4.600568963323252092e+01 9.807008633824276789e-01 4.598817894102734272e+01 9.908829174664107731e-01
4.699202987503640827e+01 9.794692038057085659e-01 4.699722401355236912e+01 9.929683576092416253e-01
4.798729629247639394e+01 9.727225939269171784e-01 4.800389173820557431e+01 9.938144329896907436e-01
4.900041549332703994e+01 9.826086956521739024e-01 4.900458532091583663e+01 9.917234664070107009e-01
4.999894651292312631e+01 9.802930773117736196e-01 5.000663395075244466e+01 9.958049292081804227e-01
5.100450081995767704e+01 9.845077461269364782e-01 5.100302027908627167e+01 9.964859437751003579e-01
5.199511424859650788e+01 9.800099950024987461e-01 5.199974568385394491e+01 9.951124144672531813e-01
5.299603336106515883e+01 9.737108190091000592e-01 5.300182782161176220e+01 9.939759036144578674e-01
5.399998922457271533e+01 9.741550695825049733e-01 5.399422458224427857e+01 9.938016528925619486e-01
5.500096449760558670e+01 9.759836484414921021e-01 5.498450373682388914e+01 9.939789262418464721e-01
5.599429199077792418e+01 9.822244794311832949e-01 5.600100223889005235e+01 9.960454770143351011e-01
5.700129250848565476e+01 9.764821166095051241e-01 5.699917200900656411e+01 9.975466143277723630e-01
5.801048985553463666e+01 9.780439121756486776e-01 5.801578124090134736e+01 9.930034982508745278e-01
5.900975799716589165e+01 9.735957753240518375e-01 5.900289487362016416e+01 9.985074626865672043e-01
6.000425176741056532e+01 9.825174825174824988e-01 5.999396581123356498e+01 9.919557566616390432e-01
6.100457508654511685e+01 9.768637532133676027e-01 6.100638432443100356e+01 9.946315275744265216e-01
6.200142612833992217e+01 9.760975609756097349e-01 6.200036263237888079e+01 9.934804413239719523e-01
6.300491553016242108e+01 9.731917046029336937e-01 6.300148799855385562e+01 9.954545454545454808e-01
6.399828760320261267e+01 9.743331655762456078e-01 6.400483494293254694e+01 9.932467532467532667e-01
6.498714238040955138e+01 9.852191641182467263e-01 6.500051816105717251e+01 9.914853358561968033e-01
6.599197867770021730e+01 9.792194627470857116e-01 6.600922359914385140e+01 9.957716701902747936e-01
6.698929297856554399e+01 9.754754754754755286e-01 6.700420042189460901e+01 9.937984496124030454e-01
6.799842329435497845e+01 9.730807577268195674e-01 6.799810604780218171e+01 9.948024948024948300e-01
6.899307344378918572e+01 9.779005524861877907e-01 6.900596740453332245e+01 9.945786101527845924e-01
7.000598014959683724e+01 9.802331474911302189e-01 7.000901592414632546e+01 9.918543363679923619e-01
7.101374682280371076e+01 9.776007964161274044e-01 7.100243981797983395e+01 9.964503042596348781e-01
7.199878417386140939e+01 9.761178861788617489e-01 7.199429960845813525e+01 9.965174129353233656e-01
7.301075332488110803e+01 9.700833742030406937e-01 7.299240330519560871e+01 9.949824385348720046e-01
7.399203094729348607e+01 9.814995131450827692e-01 7.401118554329498522e+01 9.940799210656141582e-01
7.499993549209391119e+01 9.787878787878787623e-01 7.500921359970239166e+01 9.942390782525204473e-01
7.600954644454806441e+01 9.753892516323455775e-01 7.600515167014546591e+01 9.921507064364206707e-01
7.699913721590748139e+01 9.766423357664233418e-01 7.699531274481411458e+01 9.937076476282671322e-01
7.799230582280931401e+01 9.815737051792828849e-01 7.799260577307980213e+01 9.936492427943331984e-01
7.900215751447120738e+01 9.776041666666667185e-01 7.899534489428610584e+01 9.934804413239719523e-01
8.001265042851500198e+01 9.716312056737588243e-01 7.999393064446825008e+01 9.950544015825915078e-01
8.101038253469894812e+01 9.730807577268195674e-01 8.099649478886621523e+01 9.924887330996494672e-01
8.199883675900991875e+01 9.779374037968189270e-01 8.199947796214831897e+01 9.924563884959924920e-01
8.300286157342962667e+01 9.754262788365095638e-01 8.300262232160199005e+01 9.945919370698131923e-01
8.400828522897548112e+01 9.738271604938271153e-01 8.399139853859362859e+01 9.931102362204724532e-01
8.500359463638656621e+01 9.764595103578154189e-01 8.500342546133580868e+01 9.959718026183282946e-01
8.598826570766725297e+01 9.772502472799208251e-01 8.600225097091816906e+01 9.942720763723150723e-01
8.700362964967762025e+01 9.711011459890384057e-01 8.701258282700318603e+01 9.952448882548740050e-01
8.800971322531103169e+01 9.759384023099133554e-01 8.799487831679407179e+01 9.930589985126425656e-01
8.900719727756920463e+01 9.767911200807265493e-01 8.899408184456862614e+01 9.918200408997954742e-01
8.999259198684529792e+01 9.792370835345244329e-01 9.000809522488953007e+01 9.900471451021477520e-01
9.100680885265107634e+01 9.754178957718780962e-01 9.100490874387396900e+01 9.953222453222453359e-01
9.199606460175641587e+01 9.749616760347470379e-01 9.200197564219966750e+01 9.951076320939334918e-01
9.301087723561705900e+01 9.773063640848544953e-01 9.300024225232415631e+01 9.959473150962512289e-01
9.401005189630286907e+01 9.835560123329907256e-01 9.399360861606041340e+01 9.964394710071210470e-01
9.499866020920707399e+01 9.766285430134261647e-01 9.501183974868671100e+01 9.939332659251769453e-01
9.599436164869568699e+01 9.792182088075210844e-01 9.598973809680799718e+01 9.956097560975609717e-01
9.699089510198875530e+01 9.797979797979797789e-01 9.700708614695709286e+01 9.935387673956261878e-01
9.800668797902545748e+01 9.794419970631423888e-01 9.799987644254949259e+01 9.934409687184662108e-01
9.899145616033551676e+01 9.757305596830113670e-01 9.899321117160889116e+01 9.969758064516128782e-01
9.974679500186725534e+01 9.803149606299212948e-01 9.974447229224598743e+01 9.937759336099585283e-01
