1.258925411794167282e+00 4.370404849595334248e-08
1.346768435842051526e+00 4.350350085114475264e-08
1.440740811797194487e+00 4.328987595303779948e-08
1.541270222508749344e+00 4.306238940711774404e-08
1.648814192907418263e+00 4.282021965946023668e-08
1.763862172272330442e+00 4.256250774052306761e-08
1.886937761790579593e+00 4.228835728524802551e-08
2.018601097547385592e+00 4.199683488208316613e-08
2.159451399792243098e+00 4.168697081013755364e-08
2.310129700083159765e+00 4.135776023077603404e-08
2.471321758720637529e+00 4.100816490754977039e-08
2.643761185749099241e+00 4.063711553636523931e-08
2.828232779729912494e+00 4.024351477615821664e-08
3.025576099481288139e+00 3.982624107892606297e-08
3.236689285040602382e+00 3.938415342664212740e-08
3.462533145238919197e+00 3.891609709109809935e-08
3.704135530490912931e+00 3.842091054081641668e-08
3.962596010701423754e+00 3.789743362650232193e-08
4.239090879578537141e+00 3.734451718258385068e-08
4.534878508128580954e+00 3.676103418669241268e-08
4.851305071697625593e+00 3.614589262076043381e-08
5.189810676624149188e+00 3.549805017595047552e-08
5.551935914386207926e+00 3.481653093790048695e-08
5.939328873072053483e+00 3.410044417763390339e-08
6.353752638084483984e+00 3.334900535561385372e-08
6.797093316215791603e+00 3.256155942031840053e-08
7.271368619612143647e+00 3.173760644668824725e-08
7.778737048694306822e+00 3.087682961200602144e-08
8.321507715827635820e+00 2.997912544522395949e-08
8.902150854450383122e+00 2.904463620841726040e-08
9.523309061488967942e+00 2.807378417385428113e-08
1.018780932422620999e+01 2.706730744523760656e-08
1.089867588635862816e+01 2.602629683536399569e-08
1.165914401179831650e+01 2.495223315369004749e-08
1.247267470886045437e+01 2.384702407578492397e-08
1.334297048184862966e+01 2.271303956327708742e-08
1.427399218172585371e+01 2.155314458012499817e-08
1.526997703256121497e+01 2.037072761342732850e-08
1.633545791579341255e+01 1.916972326176906047e-08
1.747528400007684013e+01 1.795462691181304192e-08
1.869464281059971711e+01 1.673049929894807137e-08
1.999908383831534664e+01 1.550295855928463165e-08
2.139454379653567173e+01 1.427815725212139091e-08
2.288737363983370443e+01 1.306274179337626984e-08
2.448436746822226695e+01 1.186379182560944827e-08
2.619279344815628718e+01 1.068873729765720242e-08
2.802042689108485973e+01 9.545251477722859323e-09
2.997558564009896642e+01 8.441118819238229957e-09
3.206716792572459696e+01 7.384077576151045454e-09
3.430469286314917099e+01 6.381638351228732329e-09
3.669834377519033808e+01 5.440881368491821064e-09
3.925901453817644438e+01 4.568237174429085591e-09
4.199835916166642136e+01 3.769257641983508904e-09
4.492884482765370535e+01 3.048386479984273323e-09
4.806380863064391207e+01 2.408740786320227179e-09
5.141751827683925313e+01 1.851917310438675966e-09
5.500523701868112170e+01 1.377838730291748669e-09
5.884329312027769987e+01 9.846560647446511402e-10
6.294915416986492573e+01 6.687229627626917341e-10
6.734150657750821267e+01 4.246556641682565385e-10
7.204034061985095150e+01 2.454885983724317914e-10
7.706704141896231874e+01 1.229296925697025642e-10
8.244448626934243407e+01 4.771153362048767648e-11
8.819714875603577298e+01 1.002491374005649183e-11
9.435121013771038179e+01 1.072464405115115546e-14
1.009346785016240631e+02 8.275812763134964955e-12
1.079775162327709381e+02 2.638983241506795013e-11
1.155117763773400554e+02 4.731516186964539896e-11
1.235717485210969073e+02 6.572241241570185604e-11
1.321941148466028721e+02 7.815141749595401768e-11
1.414181170795147011e+02 8.299243967551267380e-11
1.512857350837603008e+02 8.028394981564197742e-11
1.618418779184061407e+02 7.134931604463220740e-11
1.731345882257469100e+02 5.832098725248250301e-11
1.852152608808172545e+02 4.362190523703898448e-11
1.981388768974338177e+02 2.931417036001353051e-11
2.119642536553125183e+02 1.745027312355373317e-11
2.267543125870801930e+02 8.742029387202253057e-12
2.425763655434668919e+02 3.319033019195243466e-12
2.595024211399734781e+02 6.892265427262926099e-13
2.776095124792419142e+02 5.573007792073633710e-16
2.969800477406449772e+02 3.298039512624435926e-13
3.177021852326860767e+02 9.194796465578442250e-13
3.398702346151250708e+02 1.308467906042465494e-12
3.635850861168577808e+02 1.342119076621197272e-12
3.889546697029875872e+02 1.088427135456602163e-12
4.160944462808258777e+02 7.132776371215723574e-13
4.451279331803766013e+02 3.703085467524549225e-13
4.761872663008534801e+02 1.411170114840571155e-13
5.094138014816380178e+02 3.108911782758481655e-14
5.449587578346136070e+02 8.066992049598089357e-16
5.829839059657863345e+02 3.958329514142359751e-15
6.236623042183864527e+02 1.064295499296835638e-14
6.671790862882143074e+02 1.103088551032664963e-14
7.137323037957841052e+02 7.067647294292697915e-15
7.635338276499513768e+02 3.000866514986118834e-15
8.168103123052587762e+02 7.725561608803903416e-16
8.738042273014884813e+02 7.635679110826538156e-17
9.347749607801267757e+02 1.790880685648462115e-18
1.000000000000000000e+03 1.959710937615447342e-17
