1.258925411794167282e+00 8.673258567004446056e-07
1.346768435842051526e+00 8.607160026045223290e-07
1.440740811797194487e+00 8.536934292414377032e-07
1.541270222508749344e+00 8.462360338808071109e-07
1.648814192907418263e+00 8.383210719417985426e-07
1.763862172272330442e+00 8.299252276872290824e-07
1.886937761790579593e+00 8.210247033424368813e-07
2.018601097547385592e+00 8.115953291827354848e-07
2.159451399792243098e+00 8.016126973466165548e-07
2.310129700083159765e+00 7.910523223355076181e-07
2.471321758720637529e+00 7.798898313459101502e-07
2.643761185749099241e+00 7.681011877333509285e-07
2.828232779729912494e+00 7.556629510147233278e-07
3.025576099481288139e+00 7.425525768566253994e-07
3.236689285040602382e+00 7.287487604490785111e-07
3.462533145238919197e+00 7.142318264976643781e-07
3.704135530490912931e+00 6.989841687488287495e-07
3.962596010701423754e+00 6.829907414533868172e-07
4.239090879578537141e+00 6.662396044258658866e-07
4.534878508128580954e+00 6.487225223212856235e-07
4.851305071697625593e+00 6.304356173690536928e-07
5.189810676624149188e+00 6.113800730155991832e-07
5.551935914386207926e+00 5.915628836710615484e-07
5.939328873072053483e+00 5.709976429710289759e-07
6.353752638084483984e+00 5.497053595995389892e-07
6.797093316215791603e+00 5.277152857367605989e-07
7.271368619612143647e+00 5.050657385806069462e-07
7.778737048694306822e+00 4.818048901696114028e-07
8.321507715827635820e+00 4.579914949801381994e-07
8.902150854450383122e+00 4.336955186301722565e-07
9.523309061488967942e+00 4.089986247304244172e-07
1.018780932422620999e+01 3.839944708294187398e-07
1.089867588635862816e+01 3.587887589831660111e-07
1.165914401179831650e+01 3.334989823721869404e-07
1.247267470886045437e+01 3.082538073770757383e-07
1.334297048184862966e+01 2.831920315486182030e-07
1.427399218172585371e+01 2.584610630341272132e-07
1.526997703256121497e+01 2.342148773786799628e-07
1.633545791579341255e+01 2.106114243072363285e-07
1.747528400007684013e+01 1.878094810338602833e-07
1.869464281059971711e+01 1.659649803872383679e-07
1.999908383831534664e+01 1.452268815196853378e-07
2.139454379653567173e+01 1.249557839744272892e-07
2.288737363983370443e+01 1.067442549733592832e-07
2.448436746822226695e+01 9.000324910500777822e-08
2.619279344815628718e+01 7.481020988151410673e-08
2.802042689108485973e+01 6.121425832553657697e-08
2.997558564009896642e+01 4.923331188598936040e-08
3.206716792572459696e+01 3.885240678683046415e-08
3.430469286314917099e+01 3.002349556364635447e-08
3.669834377519033808e+01 2.266691370304740389e-08
3.925901453817644438e+01 1.667459281820241840e-08
4.199835916166642136e+01 1.191494804288930760e-08
4.492884482765370535e+01 8.239196835653243045e-09
4.806380863064391207e+01 5.488694958517838511e-09
5.141751827683925313e+01 3.502728594338229462e-09
5.500523701868112170e+01 2.126107240237006603e-09
5.884329312027769987e+01 1.215884968130736792e-09
6.294915416986492573e+01 6.466132277556681461e-10
6.734150657750821267e+01 3.136964332050255704e-10
7.204034061985095150e+01 1.346627711014156328e-10
7.706704141896231874e+01 4.843905891081793183e-11
8.244448626934243407e+01 1.297963771233916881e-11
8.819714875603577298e+01 1.793443113119783107e-12
9.435121013771038179e+01 1.186041591542275874e-15
1.009346785016240631e+02 5.210640472506668386e-13
1.079775162327709381e+02 8.418697393457290118e-13
1.155117763773400554e+02 6.385107849930892264e-13
1.235717485210969073e+02 2.721984760415826259e-13
1.321941148466028721e+02 4.723885953857210761e-14
1.414181170795147011e+02 7.549614647241170027e-17
1.512857350837603008e+02 0.000000000000000000e+00
1.618418779184061407e+02 0.000000000000000000e+00
1.731345882257469100e+02 0.000000000000000000e+00
1.852152608808172545e+02 0.000000000000000000e+00
1.981388768974338177e+02 0.000000000000000000e+00
2.119642536553125183e+02 0.000000000000000000e+00
2.267543125870801930e+02 0.000000000000000000e+00
2.425763655434668919e+02 0.000000000000000000e+00
2.595024211399734781e+02 0.000000000000000000e+00
2.776095124792419142e+02 0.000000000000000000e+00
2.969800477406449772e+02 0.000000000000000000e+00
3.177021852326860767e+02 0.000000000000000000e+00
3.398702346151250708e+02 0.000000000000000000e+00
3.635850861168577808e+02 0.000000000000000000e+00
3.889546697029875872e+02 0.000000000000000000e+00
4.160944462808258777e+02 0.000000000000000000e+00
4.451279331803766013e+02 0.000000000000000000e+00
4.761872663008534801e+02 0.000000000000000000e+00
5.094138014816380178e+02 0.000000000000000000e+00
5.449587578346136070e+02 0.000000000000000000e+00
5.829839059657863345e+02 0.000000000000000000e+00
6.236623042183864527e+02 0.000000000000000000e+00
6.671790862882143074e+02 0.000000000000000000e+00
7.137323037957841052e+02 0.000000000000000000e+00
7.635338276499513768e+02 0.000000000000000000e+00
8.168103123052587762e+02 0.000000000000000000e+00
8.738042273014884813e+02 0.000000000000000000e+00
9.347749607801267757e+02 0.000000000000000000e+00
1.000000000000000000e+03 0.000000000000000000e+00
