1.000000000000000000e+00 3.665290028120000553e-03
1.100000000000000089e+00 3.637663942430000540e-03
1.199999999999999956e+00 3.610208346780000282e-03
1.300000000000000044e+00 3.582922270270000060e-03
1.399999999999999911e+00 3.555804839090000256e-03
1.500000000000000000e+00 3.528855082340000282e-03
1.600000000000000089e+00 3.502072223299999756e-03
1.699999999999999956e+00 3.475455291069999824e-03
1.800000000000000044e+00 3.449003508930000104e-03
1.899999999999999911e+00 3.422716003070000543e-03
2.000000000000000000e+00 3.396591802589999688e-03
2.100000000000000089e+00 3.370630130770000191e-03
2.200000000000000178e+00 3.344830113800000265e-03
2.299999999999999822e+00 3.319190974959999960e-03
2.399999999999999911e+00 3.293711646260000323e-03
2.500000000000000000e+00 3.268391545160000307e-03
2.600000000000000089e+00 3.243229603670000089e-03
2.700000000000000178e+00 3.218225142159999823e-03
2.799999999999999822e+00 3.193722635950000093e-03
2.899999999999999911e+00 3.169647131560000136e-03
3.000000000000000000e+00 3.145720660319999921e-03
3.100000000000000089e+00 3.121942445510000365e-03
3.200000000000000178e+00 3.098405208080000101e-03
3.299999999999999822e+00 3.075463811979999799e-03
3.399999999999999911e+00 3.052663002200000329e-03
3.500000000000000000e+00 3.030002293290000315e-03
3.600000000000000089e+00 3.007480811440000137e-03
3.700000000000000178e+00 2.985321281109999843e-03
3.799999999999999822e+00 2.963556227449999809e-03
3.899999999999999911e+00 2.941923701639999941e-03
4.000000000000000000e+00 2.920422926960000286e-03
4.099999999999999645e+00 2.899053223779999699e-03
4.200000000000000178e+00 2.878000033999999780e-03
4.299999999999999822e+00 2.857322194159999957e-03
4.400000000000000355e+00 2.836769212060000038e-03
4.500000000000000000e+00 2.816340602249999946e-03
4.599999999999999645e+00 2.796035588010000166e-03
4.700000000000000178e+00 2.775880577820000281e-03
4.799999999999999822e+00 2.756211988530000209e-03
4.900000000000000355e+00 2.736661363589999729e-03
5.000000000000000000e+00 2.717228120460000399e-03
5.099999999999999645e+00 2.697911482420000100e-03
5.200000000000000178e+00 2.678710964019999623e-03
5.299999999999999822e+00 2.659762102900000130e-03
5.400000000000000355e+00 2.641142862330000344e-03
5.500000000000000000e+00 2.622634595630000173e-03
5.599999999999999645e+00 2.604236720260000304e-03
5.700000000000000178e+00 2.585948556590000023e-03
5.799999999999999822e+00 2.567769522080000453e-03
5.900000000000000355e+00 2.549819231609999886e-03
6.000000000000000000e+00 2.532173318290000235e-03
6.099999999999999645e+00 2.514631873809999862e-03
6.200000000000000178e+00 2.497194315630000324e-03
6.299999999999999822e+00 2.479860158300000242e-03
6.400000000000000355e+00 2.462628819280000304e-03
6.500000000000000000e+00 2.445512434820000264e-03
6.599999999999999645e+00 2.428773147920000423e-03
6.700000000000000178e+00 2.412132310280000035e-03
6.799999999999999822e+00 2.395589533540000426e-03
6.900000000000000355e+00 2.379144138070000015e-03
7.000000000000000000e+00 2.362795735510000127e-03
7.099999999999999645e+00 2.346543743320000149e-03
7.200000000000000178e+00 2.330488455469999741e-03
7.299999999999999822e+00 2.314687446330000037e-03
7.400000000000000355e+00 2.298978866870000394e-03
7.500000000000000000e+00 2.283362328729999970e-03
7.599999999999999645e+00 2.267837152280000219e-03
7.700000000000000178e+00 2.252403143340000070e-03
7.799999999999999822e+00 2.237059622280000108e-03
7.900000000000000355e+00 2.221900572220000293e-03
8.000000000000000000e+00 2.206969295300000196e-03
8.099999999999999645e+00 2.192125011020000080e-03
8.199999999999999289e+00 2.177367136840000199e-03
8.300000000000000711e+00 2.162695284400000580e-03
8.400000000000000355e+00 2.148109065340000380e-03
8.500000000000000000e+00 2.133607994209999956e-03
8.599999999999999645e+00 2.119211586100000315e-03
8.699999999999999289e+00 2.105088097980000166e-03
8.800000000000000711e+00 2.091046456730000225e-03
8.900000000000000355e+00 2.077086176900000414e-03
9.000000000000000000e+00 2.063206870130000325e-03
9.099999999999999645e+00 2.049408148060000417e-03
9.199999999999999289e+00 2.035689525240000179e-03
9.300000000000000711e+00 2.022050710400000173e-03
9.400000000000000355e+00 2.008577822370000328e-03
9.500000000000000000e+00 1.995283191580000167e-03
9.599999999999999645e+00 1.982065261890000006e-03
9.699999999999999289e+00 1.968923644939999870e-03
9.800000000000000711e+00 1.955857952370000652e-03
9.900000000000000355e+00 1.942867698729999889e-03
1.000000000000000000e+01 1.929952689840000197e-03
1.009999999999999964e+01 1.917112440250000414e-03
1.019999999999999929e+01 1.904431126990000379e-03
1.030000000000000071e+01 1.891905351909999771e-03
1.040000000000000036e+01 1.879451520520000014e-03
1.050000000000000000e+01 1.867069341549999935e-03
1.059999999999999964e+01 1.854758426640000209e-03
1.069999999999999929e+01 1.842518484520000313e-03
1.080000000000000071e+01 1.830348932649999852e-03
1.090000000000000036e+01 1.818249673940000024e-03
1.100000000000000000e+01 1.806253718989999984e-03
1.109999999999999964e+01 1.794442526309999964e-03
1.119999999999999929e+01 1.782699005360000206e-03
1.130000000000000071e+01 1.771022767780000085e-03
1.140000000000000036e+01 1.759413522300000161e-03
1.150000000000000000e+01 1.747870880560000242e-03
1.159999999999999964e+01 1.736394551290000024e-03
1.169999999999999929e+01 1.724984146130000180e-03
1.180000000000000071e+01 1.713639276720000087e-03
1.190000000000000036e+01 1.702442566650000334e-03
1.200000000000000000e+01 1.691361005320000249e-03
1.209999999999999964e+01 1.680342746669999951e-03
1.219999999999999929e+01 1.669387499430000001e-03
1.230000000000000071e+01 1.658494875240000424e-03
1.240000000000000036e+01 1.647664582830000264e-03
1.250000000000000000e+01 1.636896330929999864e-03
1.259999999999999964e+01 1.626189828270000002e-03
1.269999999999999929e+01 1.615544589399999951e-03
1.280000000000000071e+01 1.605044500079999895e-03
1.290000000000000036e+01 1.594642762930000273e-03
1.300000000000000000e+01 1.584300250680000053e-03
1.309999999999999964e+01 1.574016672060000012e-03
1.319999999999999929e+01 1.563791735800000061e-03
1.330000000000000071e+01 1.553625150630000328e-03
1.340000000000000036e+01 1.543516625280000071e-03
1.350000000000000000e+01 1.533465868479999853e-03
1.359999999999999964e+01 1.523472588960000018e-03
1.369999999999999929e+01 1.513585040450000137e-03
1.380000000000000071e+01 1.503818271899999993e-03
1.390000000000000036e+01 1.494106941740000038e-03
1.400000000000000000e+01 1.484450855790000069e-03
1.409999999999999964e+01 1.474849722779999778e-03
1.419999999999999929e+01 1.465303154350000060e-03
1.430000000000000071e+01 1.455810956320000059e-03
1.440000000000000036e+01 1.446372837420000336e-03
1.450000000000000000e+01 1.436988506380000152e-03
1.459999999999999964e+01 1.427657769019999951e-03
1.469999999999999929e+01 1.418467132530000074e-03
1.480000000000000071e+01 1.409344167770000024e-03
1.490000000000000036e+01 1.400272854890000085e-03
1.500000000000000000e+01 1.391252902620000167e-03
1.509999999999999964e+01 1.382284213870000169e-03
1.519999999999999929e+01 1.373366497370000217e-03
1.530000000000000071e+01 1.364499364760000119e-03
1.540000000000000036e+01 1.355682718950000209e-03
1.550000000000000000e+01 1.346916268669999745e-03
1.559999999999999964e+01 1.338199625560000054e-03
1.569999999999999929e+01 1.329617937550000260e-03
1.580000000000000071e+01 1.321090037400000222e-03
1.590000000000000036e+01 1.312610293889999872e-03
1.600000000000000000e+01 1.304178609929999757e-03
1.610000000000000142e+01 1.295794597159999903e-03
1.619999999999999929e+01 1.287458255580000094e-03
1.630000000000000071e+01 1.279169099740000036e-03
1.639999999999999858e+01 1.270926935459999957e-03
1.650000000000000000e+01 1.262731665649999974e-03
1.660000000000000142e+01 1.254582901950000110e-03
1.669999999999999929e+01 1.246537150740000162e-03
1.680000000000000071e+01 1.238559750890000106e-03
1.689999999999999858e+01 1.230627400799999939e-03
1.700000000000000000e+01 1.222739809199999790e-03
1.710000000000000142e+01 1.214896879000000205e-03
1.719999999999999929e+01 1.207098416020000115e-03
1.730000000000000071e+01 1.199344031899999977e-03
1.739999999999999858e+01 1.191633629549999907e-03
1.750000000000000000e+01 1.183966917700000248e-03
1.760000000000000142e+01 1.176343702170000146e-03
1.769999999999999929e+01 1.168774759950000092e-03
1.780000000000000071e+01 1.161307956410000120e-03
1.789999999999999858e+01 1.153883289930000009e-03
1.800000000000000000e+01 1.146500566329999990e-03
1.810000000000000142e+01 1.139159494340000189e-03
1.819999999999999929e+01 1.131859976869999855e-03
1.830000000000000071e+01 1.124601625560000097e-03
1.839999999999999858e+01 1.117384440410000047e-03
1.850000000000000000e+01 1.110208130150000050e-03
1.860000000000000142e+01 1.103072500599999901e-03
1.869999999999999929e+01 1.095977357580000047e-03
1.880000000000000071e+01 1.088939691840000142e-03
1.889999999999999858e+01 1.081987174030000012e-03
1.900000000000000000e+01 1.075073880579999934e-03
1.910000000000000142e+01 1.068199617310000354e-03
1.919999999999999929e+01 1.061364190039999983e-03
1.930000000000000071e+01 1.054567307500000250e-03
1.939999999999999858e+01 1.047808872600000185e-03
1.950000000000000000e+01 1.041088691160000019e-03
1.960000000000000142e+01 1.034406568999999979e-03
1.969999999999999929e+01 1.027762214849999977e-03
1.980000000000000071e+01 1.021155531620000128e-03
1.989999999999999858e+01 1.014590402909999961e-03
2.000000000000000000e+01 1.008114305729999969e-03
2.010000000000000142e+01 1.001674714389999988e-03
2.019999999999999929e+01 9.952714347100000310e-04
2.030000000000000071e+01 9.889043695999999960e-04
2.039999999999999858e+01 9.825732277900000103e-04
2.050000000000000000e+01 9.762778150999999781e-04
2.060000000000000142e+01 9.700180732760001851e-04
2.069999999999999929e+01 9.637937304659998684e-04
2.080000000000000071e+01 9.576046410350001759e-04
2.089999999999999858e+01 9.514506205120000244e-04
2.100000000000000000e+01 9.453314941349999457e-04
2.110000000000000142e+01 9.392741364159999488e-04
2.119999999999999929e+01 9.332738481990000574e-04
2.130000000000000071e+01 9.273074055560001768e-04
2.139999999999999858e+01 9.213746434339999602e-04
2.150000000000000000e+01 9.154753870710000477e-04
2.160000000000000142e+01 9.096094617050001037e-04
2.169999999999999929e+01 9.037767119919998780e-04
2.180000000000000071e+01 8.979769631700000110e-04
2.189999999999999858e+01 8.922100598950000357e-04
2.200000000000000000e+01 8.864758274050000501e-04
2.210000000000000142e+01 8.807741006470000324e-04
2.219999999999999929e+01 8.751047339859999380e-04
2.230000000000000071e+01 8.694981165920000676e-04
2.239999999999999858e+01 8.639370829529998894e-04
2.250000000000000000e+01 8.584074385109999143e-04
2.260000000000000142e+01 8.529090279220000008e-04
2.269999999999999929e+01 8.474416861330000186e-04
2.280000000000000071e+01 8.420052772180001283e-04
2.289999999999999858e+01 8.365996167060000058e-04
2.300000000000000000e+01 8.312245783800001255e-04
2.310000000000000142e+01 8.258799971870000320e-04
2.319999999999999929e+01 8.205657177830001257e-04
2.330000000000000071e+01 8.152815848240000480e-04
2.339999999999999858e+01 8.100274623840001765e-04
2.350000000000000000e+01 8.048232830400000497e-04
2.360000000000000142e+01 7.996680079290000281e-04
2.369999999999999929e+01 7.945418695270000525e-04
2.380000000000000071e+01 7.894447027809999929e-04
2.389999999999999858e+01 7.843763717650000097e-04
2.400000000000000000e+01 7.793367308440000583e-04
2.410000000000000142e+01 7.743256440919999740e-04
2.419999999999999929e+01 7.693429464560000604e-04
2.430000000000000071e+01 7.643885117189999244e-04
2.439999999999999858e+01 7.594622039550001603e-04
2.450000000000000000e+01 7.545638678200000844e-04
2.460000000000000142e+01 7.496933673879999658e-04
2.469999999999999929e+01 7.448506638230000670e-04
2.480000000000000071e+01 7.400703891280000120e-04
2.489999999999999858e+01 7.353171539979999876e-04
2.500000000000000000e+01 7.305908127980000576e-04
2.510000000000000142e+01 7.258912490200000343e-04
2.519999999999999929e+01 7.212183073200001014e-04
2.530000000000000071e+01 7.165718711900000712e-04
2.539999999999999858e+01 7.119517949950000075e-04
2.550000000000000000e+01 7.073579525180000594e-04
2.560000000000000142e+01 7.027902175420000508e-04
2.569999999999999929e+01 6.982484541410000339e-04
2.580000000000000071e+01 6.937325263890000608e-04
2.589999999999999858e+01 6.892423080689999556e-04
2.600000000000000000e+01 6.847830614590000049e-04
2.610000000000000142e+01 6.803746123370000903e-04
2.619999999999999929e+01 6.759911541810000252e-04
2.630000000000000071e+01 6.716325510649999702e-04
2.639999999999999858e+01 6.672986767720000744e-04
2.650000000000000000e+01 6.629894147939999335e-04
2.660000000000000142e+01 6.587046486229999019e-04
2.669999999999999929e+01 6.544442423330001403e-04
2.680000000000000071e+01 6.502080794159999190e-04
2.689999999999999858e+01 6.459960336550000376e-04
2.700000000000000000e+01 6.418079788329999948e-04
2.710000000000000142e+01 6.376438178600000138e-04
2.719999999999999929e+01 6.335034051010000498e-04
2.730000000000000071e+01 6.293871774610000202e-04
2.739999999999999858e+01 6.253209511709999918e-04
2.750000000000000000e+01 6.212778128829998933e-04
2.760000000000000142e+01 6.172576557979999592e-04
2.769999999999999929e+01 6.132603731169999906e-04
2.780000000000000071e+01 6.092858386230000280e-04
2.789999999999999858e+01 6.053339455169999810e-04
2.800000000000000000e+01 6.014045772910000956e-04
2.810000000000000142e+01 5.974976174370000758e-04
2.819999999999999929e+01 5.936129591560001563e-04
2.830000000000000071e+01 5.897504762310000525e-04
2.839999999999999858e+01 5.859100715720000959e-04
2.850000000000000000e+01 5.820916383799999792e-04
2.860000000000000142e+01 5.782950407290000797e-04
2.869999999999999929e+01 5.745330653720001407e-04
2.880000000000000071e+01 5.708033918579999769e-04
2.889999999999999858e+01 5.670949713450000682e-04
2.900000000000000000e+01 5.634076970339999988e-04
2.910000000000000142e+01 5.597414718349999919e-04
2.919999999999999929e+01 5.560961792400000766e-04
2.930000000000000071e+01 5.524717221590000425e-04
2.939999999999999858e+01 5.488679937930001241e-04
2.950000000000000000e+01 5.452848776340000255e-04
2.960000000000000142e+01 5.417222863010000668e-04
2.969999999999999929e+01 5.381801032860000604e-04
2.980000000000000071e+01 5.346582412080000011e-04
2.989999999999999858e+01 5.311565738500000381e-04
3.000000000000000000e+01 5.276750235400000464e-04
3.010000000000000142e+01 5.242288042810000449e-04
3.019999999999999929e+01 5.208077119140000575e-04
3.030000000000000071e+01 5.174061831820000448e-04
3.039999999999999858e+01 5.140241307040000016e-04
3.050000000000000000e+01 5.106614476809999458e-04
3.060000000000000142e+01 5.073180273140000035e-04
3.069999999999999929e+01 5.039937919310000496e-04
3.080000000000000071e+01 5.006886347329999936e-04
3.089999999999999858e+01 4.974024489210000701e-04
3.100000000000000000e+01 4.941351568230000456e-04
3.110000000000000142e+01 4.908866613490000348e-04
3.119999999999999929e+01 4.876568557000000555e-04
3.130000000000000071e+01 4.844456427859999514e-04
3.139999999999999858e+01 4.812529449349999770e-04
3.150000000000000000e+01 4.780897236079999723e-04
3.160000000000000142e+01 4.749517262630000296e-04
3.169999999999999929e+01 4.718317391130000000e-04
3.180000000000000071e+01 4.687296844859999210e-04
3.189999999999999858e+01 4.656454555830000274e-04
3.200000000000000000e+01 4.625789844410000198e-04
3.210000000000000142e+01 4.595301642610000246e-04
3.220000000000000284e+01 4.564989076619999824e-04
3.229999999999999716e+01 4.534851369720000933e-04
3.239999999999999858e+01 4.504887453920001041e-04
3.250000000000000000e+01 4.475096649590000410e-04
3.260000000000000142e+01 4.445477888739999758e-04
3.270000000000000284e+01 4.416030394650000005e-04
3.279999999999999716e+01 4.386753390599999899e-04
3.289999999999999858e+01 4.357670760729999947e-04
3.300000000000000000e+01 4.328889012770000054e-04
3.310000000000000142e+01 4.300273191619999780e-04
3.320000000000000284e+01 4.271822520559999501e-04
3.329999999999999716e+01 4.243536125780000248e-04
3.339999999999999858e+01 4.215413230560000773e-04
3.350000000000000000e+01 4.187452864000000053e-04
3.360000000000000142e+01 4.159654346469999976e-04
3.370000000000000284e+01 4.132016804159999949e-04
3.379999999999999716e+01 4.104539460350000888e-04
3.389999999999999858e+01 4.077221344140000690e-04
3.400000000000000000e+01 4.050061775900000156e-04
3.410000000000000142e+01 4.023059978910000205e-04
3.420000000000000284e+01 3.996215079360000244e-04
3.429999999999999716e+01 3.969526300530000647e-04
3.439999999999999858e+01 3.943044905939999925e-04
3.450000000000000000e+01 3.916801867299999967e-04
3.460000000000000142e+01 3.890710871600000314e-04
3.470000000000000284e+01 3.864771336300000027e-04
3.479999999999999716e+01 3.838982290499999713e-04
3.489999999999999858e+01 3.813343151660000059e-04
3.500000000000000000e+01 3.787853045969999930e-04
3.510000000000000142e+01 3.762511196710000244e-04
3.520000000000000284e+01 3.737316827160000292e-04
3.529999999999999716e+01 3.712269354780000220e-04
3.539999999999999858e+01 3.687367808670000092e-04
3.550000000000000000e+01 3.662611606290000596e-04
3.560000000000000142e+01 3.637999970920000482e-04
3.570000000000000284e+01 3.613532125840000124e-04
3.579999999999999716e+01 3.589207294329999900e-04
3.589999999999999858e+01 3.565057710269999664e-04
3.600000000000000000e+01 3.541134345910000440e-04
3.610000000000000142e+01 3.517350402790000172e-04
3.620000000000000284e+01 3.493705201280000207e-04
3.629999999999999716e+01 3.470198158840000148e-04
3.639999999999999858e+01 3.446828304570000601e-04
3.650000000000000000e+01 3.423595250110000399e-04
3.660000000000000142e+01 3.400498024560000146e-04
3.670000000000000284e+01 3.377536045379999447e-04
3.679999999999999716e+01 3.354708730030000075e-04
3.689999999999999858e+01 3.332015204700000351e-04
3.700000000000000000e+01 3.309454789759999995e-04
3.710000000000000142e+01 3.287026999760000665e-04
3.720000000000000284e+01 3.264730863800000254e-04
3.729999999999999716e+01 3.242565993520000306e-04
3.739999999999999858e+01 3.220531515109999686e-04
3.750000000000000000e+01 3.198712770680000000e-04
3.760000000000000142e+01 3.177037136910000332e-04
3.770000000000000284e+01 3.155488788130000411e-04
3.779999999999999716e+01 3.134066947620000069e-04
3.789999999999999858e+01 3.112771032839999996e-04
3.800000000000000000e+01 3.091600364159999910e-04
3.810000000000000142e+01 3.070554456130000385e-04
3.820000000000000284e+01 3.049632532030000713e-04
3.829999999999999716e+01 3.028833912230000612e-04
3.839999999999999858e+01 3.008158014190000229e-04
3.850000000000000000e+01 2.987604255370000252e-04
3.860000000000000142e+01 2.967171956140000400e-04
3.870000000000000284e+01 2.946860533959999736e-04
3.879999999999999716e+01 2.926669309200000146e-04
3.889999999999999858e+01 2.906597699320000150e-04
3.900000000000000000e+01 2.886653568609999672e-04
3.910000000000000142e+01 2.866904782980000369e-04
3.920000000000000284e+01 2.847272602439999880e-04
3.929999999999999716e+01 2.827756638630000291e-04
3.939999999999999858e+01 2.808356114830000351e-04
3.950000000000000000e+01 2.789070545590000092e-04
3.960000000000000142e+01 2.769899251279999775e-04
3.970000000000000284e+01 2.750841649360000088e-04
3.979999999999999716e+01 2.731897254380000520e-04
3.989999999999999858e+01 2.713065289620000364e-04
4.000000000000000000e+01 2.694345463810000505e-04
4.010000000000000142e+01 2.675736903140000351e-04
4.020000000000000284e+01 2.657239122159999931e-04
4.029999999999999716e+01 2.638851732510000248e-04
4.039999999999999858e+01 2.620573860380000166e-04
4.050000000000000000e+01 2.602405117410000143e-04
4.060000000000000142e+01 2.584346571590000544e-04
4.070000000000000284e+01 2.566466283010000087e-04
4.079999999999999716e+01 2.548692599249999962e-04
4.089999999999999858e+01 2.531024743590000003e-04
4.100000000000000000e+01 2.513462424760000012e-04
4.110000000000000142e+01 2.496004866039999823e-04
4.120000000000000284e+01 2.478651679069999894e-04
4.129999999999999716e+01 2.461402184220000487e-04
4.139999999999999858e+01 2.444255993129999891e-04
4.150000000000000000e+01 2.427212523259999880e-04
4.160000000000000142e+01 2.410271094979999902e-04
4.170000000000000284e+01 2.393431417020000301e-04
4.179999999999999716e+01 2.376692809749999982e-04
4.189999999999999858e+01 2.360054690629999905e-04
4.200000000000000000e+01 2.343516671300000529e-04
4.210000000000000142e+01 2.327078266309999988e-04
4.220000000000000284e+01 2.310738796029999898e-04
4.229999999999999716e+01 2.294535251749999644e-04
4.239999999999999858e+01 2.278452099070000234e-04
4.250000000000000000e+01 2.262465648029999849e-04
4.260000000000000142e+01 2.246575413180000147e-04
4.270000000000000284e+01 2.230780811979999917e-04
4.279999999999999716e+01 2.215081358980000277e-04
4.289999999999999858e+01 2.199476665820000059e-04
4.300000000000000000e+01 2.183966247049999837e-04
4.310000000000000142e+01 2.168549423039999870e-04
4.320000000000000284e+01 2.153225902519999963e-04
4.329999999999999716e+01 2.137995005860000104e-04
4.339999999999999858e+01 2.122856441790000096e-04
4.350000000000000000e+01 2.107809627770000085e-04
4.360000000000000142e+01 2.092854078350000373e-04
4.370000000000000284e+01 2.077989405170000065e-04
4.379999999999999716e+01 2.063214928600000234e-04
4.389999999999999858e+01 2.048530357370000141e-04
4.400000000000000000e+01 2.033980352880000134e-04
4.410000000000000142e+01 2.019523943150000383e-04
4.420000000000000284e+01 2.005155302780000184e-04
4.429999999999999716e+01 1.990874043410000265e-04
4.439999999999999858e+01 1.976679582499999961e-04
4.450000000000000000e+01 1.962571628779999887e-04
4.460000000000000142e+01 1.948549599709999917e-04
4.470000000000000284e+01 1.934613009840000083e-04
4.479999999999999716e+01 1.920761567900000188e-04
4.489999999999999858e+01 1.906994691350000378e-04
4.500000000000000000e+01 1.893311991830000027e-04
4.510000000000000142e+01 1.879713080979999865e-04
4.520000000000000284e+01 1.866197376260000311e-04
4.529999999999999716e+01 1.852764489310000466e-04
4.539999999999999858e+01 1.839414128860000406e-04
4.550000000000000000e+01 1.826145615280000119e-04
4.560000000000000142e+01 1.812958657299999950e-04
4.570000000000000284e+01 1.799888498589999992e-04
4.579999999999999716e+01 1.786905138340000190e-04
4.589999999999999858e+01 1.774001488979999976e-04
4.600000000000000000e+01 1.761177162149999808e-04
4.610000000000000142e+01 1.748431575310000375e-04
4.620000000000000284e+01 1.735764437190000123e-04
4.629999999999999716e+01 1.723175359430000053e-04
4.639999999999999858e+01 1.710663953670000083e-04
4.650000000000000000e+01 1.698229637369999816e-04
4.660000000000000142e+01 1.685872119260000410e-04
4.670000000000000284e+01 1.673591010980000156e-04
4.679999999999999716e+01 1.661385827080000168e-04
4.689999999999999858e+01 1.649256276289999979e-04
4.700000000000000000e+01 1.637201873159999891e-04
4.710000000000000142e+01 1.625222229329999820e-04
4.720000000000000284e+01 1.613316859350000070e-04
4.729999999999999716e+01 1.601485569040000056e-04
4.739999999999999858e+01 1.589744475339999977e-04
4.750000000000000000e+01 1.578095131689999896e-04
4.760000000000000142e+01 1.566518217180000417e-04
4.770000000000000284e+01 1.555013149269999790e-04
4.779999999999999716e+01 1.543579636689999986e-04
4.789999999999999858e+01 1.532217291080000107e-04
4.800000000000000000e+01 1.520925821169999957e-04
4.810000000000000142e+01 1.509704644419999952e-04
4.820000000000000284e+01 1.498553566650000050e-04
4.829999999999999716e+01 1.487472102410000285e-04
4.839999999999999858e+01 1.476459960429999914e-04
4.850000000000000000e+01 1.465516752349999940e-04
4.860000000000000142e+01 1.454642089810000280e-04
4.870000000000000284e+01 1.443835584450000036e-04
4.879999999999999716e+01 1.433096945000000096e-04
4.889999999999999858e+01 1.422425686010000219e-04
4.900000000000000000e+01 1.411821516209999937e-04
4.910000000000000142e+01 1.401284144330000136e-04
4.920000000000000284e+01 1.390835901070000178e-04
4.929999999999999716e+01 1.380460184040000165e-04
4.939999999999999858e+01 1.370149808580000187e-04
4.950000000000000000e+01 1.359904289240000273e-04
4.960000000000000142e+01 1.349723334749999956e-04
4.970000000000000284e+01 1.339606556749999965e-04
4.979999999999999716e+01 1.329553663970000103e-04
4.989999999999999858e+01 1.319564268050000015e-04
5.000000000000000000e+01 1.309638077720000316e-04
5.010000000000000142e+01 1.299774704619999840e-04
5.020000000000000284e+01 1.289973857480000285e-04
5.029999999999999716e+01 1.280235147939999942e-04
5.039999999999999858e+01 1.270558284729999968e-04
5.050000000000000000e+01 1.260942879489999739e-04
5.060000000000000142e+01 1.251388640949999869e-04
5.070000000000000284e+01 1.241895277840000160e-04
5.079999999999999716e+01 1.232462304710000103e-04
5.089999999999999858e+01 1.223089624469999811e-04
5.100000000000000000e+01 1.213795004589999973e-04
5.110000000000000142e+01 1.204566114639999845e-04
5.120000000000000284e+01 1.195396061229999984e-04
5.129999999999999716e+01 1.186284553090000192e-04
5.139999999999999858e+01 1.177231201860000115e-04
5.150000000000000000e+01 1.168235813360000118e-04
5.160000000000000142e+01 1.159297902140000097e-04
5.170000000000000284e+01 1.150417371109999895e-04
5.179999999999999716e+01 1.141593734820000087e-04
5.189999999999999858e+01 1.132826799090000088e-04
5.200000000000000000e+01 1.124116175559999951e-04
5.210000000000000142e+01 1.115461572960000156e-04
5.220000000000000284e+01 1.106862700020000098e-04
5.229999999999999716e+01 1.098319265469999985e-04
5.239999999999999858e+01 1.089830880950000142e-04
5.250000000000000000e+01 1.081397449370000141e-04
5.260000000000000142e+01 1.073018388190000129e-04
5.270000000000000284e+01 1.064693697410000104e-04
5.279999999999999716e+01 1.056430852960000178e-04
5.289999999999999858e+01 1.048234126800000045e-04
5.300000000000000000e+01 1.040090411780000016e-04
5.310000000000000142e+01 1.031999416630000028e-04
5.320000000000000284e+01 1.023960850080000154e-04
5.329999999999999716e+01 1.015974517950000083e-04
5.339999999999999858e+01 1.008040128970000022e-04
5.350000000000000000e+01 1.000157197690000138e-04
5.360000000000000142e+01 9.923257241100000260e-05
5.370000000000000284e+01 9.845452227799998516e-05
5.379999999999999716e+01 9.768154995200001159e-05
5.389999999999999858e+01 9.691362048060001748e-05
5.400000000000000000e+01 9.615071541670000836e-05
5.410000000000000142e+01 9.539280272060000313e-05
5.420000000000000284e+01 9.463985423619999168e-05
5.429999999999999716e+01 9.389184374920001041e-05
5.439999999999999858e+01 9.314874407440000472e-05
5.450000000000000000e+01 9.241052705570000517e-05
5.460000000000000142e+01 9.167716647880000749e-05
5.470000000000000284e+01 9.094985557980001380e-05
5.479999999999999716e+01 9.022780987149998347e-05
5.489999999999999858e+01 8.951051574779999220e-05
5.500000000000000000e+01 8.879794602349999893e-05
5.510000000000000142e+01 8.809007545520000908e-05
5.520000000000000284e+01 8.738687685769999517e-05
5.529999999999999716e+01 8.668832498760000328e-05
5.539999999999999858e+01 8.599439460150001173e-05
5.550000000000000000e+01 8.530505948510001628e-05
5.560000000000000142e+01 8.462029342410001267e-05
5.570000000000000284e+01 8.394007311689999861e-05
5.579999999999999716e+01 8.326437040740000467e-05
5.589999999999999858e+01 8.259316296489999760e-05
5.600000000000000000e+01 8.192642360420001766e-05
5.610000000000000142e+01 8.126412902369999482e-05
5.620000000000000284e+01 8.060625300909999257e-05
5.629999999999999716e+01 7.995277225879999507e-05
5.639999999999999858e+01 7.930366152940000778e-05
5.650000000000000000e+01 7.865889654840000516e-05
5.660000000000000142e+01 7.801945986659998620e-05
5.670000000000000284e+01 7.738470098100001489e-05
5.679999999999999716e+01 7.675419366649999589e-05
5.689999999999999858e+01 7.612791462150002178e-05
5.700000000000000000e+01 7.550584054440000897e-05
5.710000000000000142e+01 7.488794716269999970e-05
5.720000000000000284e+01 7.427421117480000523e-05
5.729999999999999716e+01 7.366460927909999619e-05
5.739999999999999858e+01 7.305911817399999739e-05
5.750000000000000000e+01 7.245771552880001627e-05
5.760000000000000142e+01 7.186037804189999631e-05
5.770000000000000284e+01 7.126708144079999332e-05
5.779999999999999716e+01 7.067780533660000700e-05
5.789999999999999858e+01 7.009252545679999825e-05
5.800000000000000000e+01 6.951121947070000161e-05
5.810000000000000142e+01 6.893386601850000708e-05
5.820000000000000284e+01 6.836044082770000268e-05
5.829999999999999716e+01 6.779092350940000167e-05
5.839999999999999858e+01 6.722529173290001147e-05
5.850000000000000000e+01 6.666397560690000355e-05
5.860000000000000142e+01 6.610719358390000438e-05
5.870000000000000284e+01 6.555421166350000313e-05
5.879999999999999716e+01 6.500501042769999565e-05
5.889999999999999858e+01 6.445956754580000291e-05
5.900000000000000000e+01 6.391786165800001490e-05
5.910000000000000142e+01 6.337987237540001779e-05
5.920000000000000284e+01 6.284557833820000156e-05
5.929999999999999716e+01 6.231495818659999689e-05
5.939999999999999858e+01 6.178799056080000734e-05
5.950000000000000000e+01 6.126465604280001518e-05
5.960000000000000142e+01 6.074493230190000751e-05
5.970000000000000284e+01 6.022879992010000727e-05
5.979999999999999716e+01 5.971623850850000739e-05
5.989999999999999858e+01 5.920722767820000079e-05
6.000000000000000000e+01 5.870174606940000458e-05
6.010000000000000142e+01 5.819977426410000105e-05
6.020000000000000284e+01 5.770129284429999960e-05
6.029999999999999716e+01 5.720628045020000377e-05
6.039999999999999858e+01 5.671471863470000556e-05
6.050000000000000000e+01 5.622728702780000143e-05
6.060000000000000142e+01 5.574349435410000543e-05
6.070000000000000284e+01 5.526307847060000887e-05
6.079999999999999716e+01 5.478601898840000466e-05
6.089999999999999858e+01 5.431229551859999928e-05
6.100000000000000000e+01 5.384189058500000796e-05
6.110000000000000142e+01 5.337478476959999944e-05
6.120000000000000284e+01 5.291095865440000344e-05
6.129999999999999716e+01 5.245039282140000902e-05
6.139999999999999858e+01 5.199306979440001110e-05
6.150000000000000000e+01 5.153897015540000550e-05
6.160000000000000142e+01 5.108807545730000455e-05
6.170000000000000284e+01 5.064036725300000700e-05
6.179999999999999716e+01 5.019582612450000869e-05
6.189999999999999858e+01 4.975443556650000068e-05
6.200000000000000000e+01 4.931617616100000590e-05
6.210000000000000142e+01 4.888102946089999601e-05
6.220000000000000284e+01 4.844897798999999979e-05
6.229999999999999716e+01 4.802000427209999860e-05
6.239999999999999858e+01 4.759408888920000182e-05
6.250000000000000000e+01 4.717180467229999661e-05
6.260000000000000142e+01 4.675270986190001033e-05
6.270000000000000284e+01 4.633660833620000235e-05
6.279999999999999716e+01 4.592348261899999466e-05
6.289999999999999858e+01 4.551331620500000542e-05
6.300000000000000000e+01 4.510609064710000628e-05
6.310000000000000142e+01 4.470178944000000184e-05
6.320000000000000284e+01 4.430039607840000347e-05
6.329999999999999716e+01 4.390189308609999930e-05
6.339999999999999858e+01 4.350626298689999779e-05
6.350000000000000000e+01 4.311349024639999966e-05
6.360000000000000142e+01 4.272355641750000369e-05
6.370000000000000284e+01 4.233644693669999997e-05
6.379999999999999716e+01 4.195214335689999405e-05
6.389999999999999858e+01 4.157063014370000699e-05
6.400000000000000000e+01 4.119189079179999595e-05
6.409999999999999432e+01 4.081590879590000619e-05
6.420000000000000284e+01 4.044266765070000165e-05
6.429999999999999716e+01 4.007215279269999954e-05
6.440000000000000568e+01 3.970434577479999862e-05
6.450000000000000000e+01 3.933952330350000393e-05
6.459999999999999432e+01 3.897769800049999921e-05
6.470000000000000284e+01 3.861852325449999967e-05
6.479999999999999716e+01 3.826198353110000605e-05
6.490000000000000568e+01 3.790806232500000940e-05
6.500000000000000000e+01 3.755674604360000274e-05
6.509999999999999432e+01 3.720801818160000422e-05
6.520000000000000284e+01 3.686186320460000103e-05
6.529999999999999716e+01 3.651826654909999683e-05
6.540000000000000568e+01 3.617721268070000590e-05
6.550000000000000000e+01 3.583868606500000188e-05
6.559999999999999432e+01 3.550267213850000198e-05
6.570000000000000284e+01 3.516915536680000016e-05
6.579999999999999716e+01 3.483812215729999623e-05
6.590000000000000568e+01 3.450955697560000447e-05
6.600000000000000000e+01 3.418344428730000530e-05
6.609999999999999432e+01 3.385977049979999851e-05
6.620000000000000284e+01 3.353852104960000131e-05
6.629999999999999716e+01 3.321968040230000090e-05
6.640000000000000568e+01 3.290323496529999706e-05
6.650000000000000000e+01 3.258917114600000994e-05
6.659999999999999432e+01 3.227788895519999508e-05
6.670000000000000284e+01 3.196902818900000139e-05
6.679999999999999716e+01 3.166249564099999942e-05
6.690000000000000568e+01 3.135827868950000544e-05
6.700000000000000000e+01 3.105636277099999601e-05
6.709999999999999432e+01 3.075673429290000480e-05
6.720000000000000284e+01 3.045937966259999773e-05
6.729999999999999716e+01 3.016428431659999880e-05
6.740000000000000568e+01 2.987143563320000054e-05
6.750000000000000000e+01 2.958082001980000278e-05
6.759999999999999432e+01 2.929242388380000190e-05
6.770000000000000284e+01 2.900623363260000111e-05
6.779999999999999716e+01 2.872223567360000020e-05
6.790000000000000568e+01 2.844041641420000236e-05
6.800000000000000000e+01 2.816076420360000306e-05
6.809999999999999432e+01 2.788326350740000305e-05
6.820000000000000284e+01 2.760790364570000070e-05
6.829999999999999716e+01 2.733467005499999968e-05
6.840000000000000568e+01 2.706355011360000272e-05
6.850000000000000000e+01 2.679453119980000235e-05
6.859999999999999432e+01 2.652759972100000177e-05
6.870000000000000284e+01 2.626309355040000015e-05
6.879999999999999716e+01 2.600068258200000473e-05
6.890000000000000568e+01 2.574031438720000359e-05
6.900000000000000000e+01 2.548197634429999947e-05
6.909999999999999432e+01 2.522565680250000476e-05
6.920000000000000284e+01 2.497134119829999942e-05
6.929999999999999716e+01 2.471901982270000169e-05
6.940000000000000568e+01 2.446867908310000459e-05
6.950000000000000000e+01 2.422030635780000069e-05
6.959999999999999432e+01 2.397389096690000191e-05
6.970000000000000284e+01 2.372941931780000129e-05
6.979999999999999716e+01 2.348688073060000060e-05
6.990000000000000568e+01 2.324626355449999871e-05
7.000000000000000000e+01 2.300755419689999879e-05
7.009999999999999432e+01 2.277074197790000264e-05
7.020000000000000284e+01 2.253581427580000619e-05
7.029999999999999716e+01 2.230276138160000737e-05
7.040000000000000568e+01 2.207156970269999918e-05
7.050000000000000000e+01 2.184222855920000037e-05
7.059999999999999432e+01 2.161472630029999962e-05
7.070000000000000284e+01 2.138905127519999917e-05
7.079999999999999716e+01 2.116538310040000023e-05
7.090000000000000568e+01 2.094362856949999707e-05
7.100000000000000000e+01 2.072366146550000331e-05
7.109999999999999432e+01 2.050547110850000040e-05
7.120000000000000284e+01 2.028904584770000076e-05
7.129999999999999716e+01 2.007437403229999986e-05
7.140000000000000568e+01 1.986144595330000239e-05
7.150000000000000000e+01 1.965025093080000336e-05
7.159999999999999432e+01 1.944077634309999871e-05
7.170000000000000284e+01 1.923301345209999945e-05
7.179999999999999716e+01 1.902694963610000151e-05
7.190000000000000568e+01 1.882257518609999942e-05
7.200000000000000000e+01 1.861987942219999837e-05
7.209999999999999432e+01 1.841885263539999964e-05
7.220000000000000284e+01 1.821948220399999919e-05
7.229999999999999716e+01 1.802175938989999786e-05
7.240000000000000568e+01 1.782567351320000080e-05
7.250000000000000000e+01 1.763121292310000011e-05
7.259999999999999432e+01 1.743836888150000341e-05
7.270000000000000284e+01 1.724713070850000229e-05
7.279999999999999716e+01 1.705748869510000147e-05
7.290000000000000568e+01 1.686943701590000038e-05
7.300000000000000000e+01 1.668318829800000117e-05
7.309999999999999432e+01 1.649849981639999930e-05
7.320000000000000284e+01 1.631536283299999900e-05
7.329999999999999716e+01 1.613376472609999961e-05
7.340000000000000568e+01 1.595369869939999762e-05
7.350000000000000000e+01 1.577515310209999869e-05
7.359999999999999432e+01 1.559811822520000072e-05
7.370000000000000284e+01 1.542258533060000117e-05
7.379999999999999716e+01 1.524854470930000135e-05
7.390000000000000568e+01 1.507598665230000427e-05
7.400000000000000000e+01 1.490490145060000106e-05
7.409999999999999432e+01 1.473527939520000151e-05
7.420000000000000284e+01 1.456711077710000014e-05
7.429999999999999716e+01 1.440038782910000072e-05
7.440000000000000568e+01 1.423509987130000164e-05
7.450000000000000000e+01 1.407123719469999913e-05
7.459999999999999432e+01 1.390879203210000032e-05
7.470000000000000284e+01 1.374775467450000145e-05
7.479999999999999716e+01 1.358811541289999874e-05
7.490000000000000568e+01 1.342986648009999934e-05
7.500000000000000000e+01 1.327299719619999995e-05
7.509999999999999432e+01 1.311751824110000047e-05
7.520000000000000284e+01 1.296355874450000113e-05
7.529999999999999716e+01 1.281094976980000233e-05
7.540000000000000568e+01 1.265968063710000077e-05
7.550000000000000000e+01 1.250974455010000144e-05
7.559999999999999432e+01 1.236113082889999932e-05
7.570000000000000284e+01 1.221383267720000111e-05
7.579999999999999716e+01 1.206784038600000134e-05
7.590000000000000568e+01 1.192314618810000036e-05
7.600000000000000000e+01 1.177974134540000242e-05
7.609999999999999432e+01 1.163761614890000035e-05
7.620000000000000284e+01 1.149676380229999913e-05
7.629999999999999716e+01 1.135717556750000129e-05
7.640000000000000568e+01 1.121884270640000090e-05
7.650000000000000000e+01 1.108175745180000002e-05
7.659999999999999432e+01 1.094591009469999996e-05
7.670000000000000284e+01 1.081129480970000016e-05
7.679999999999999716e+01 1.067790188780000021e-05
7.690000000000000568e+01 1.054572259089999928e-05
7.700000000000000000e+01 1.041475109360000018e-05
7.709999999999999432e+01 1.028497768690000082e-05
7.720000000000000284e+01 1.015639460360000159e-05
7.729999999999999716e+01 1.002899407649999946e-05
7.740000000000000568e+01 9.902879020999998843e-06
7.750000000000000000e+01 9.777947492599999943e-06
7.759999999999999432e+01 9.654172111920001433e-06
7.770000000000000284e+01 9.531544529219999220e-06
7.779999999999999716e+01 9.410057462750000216e-06
7.790000000000000568e+01 9.289703048220000094e-06
7.800000000000000000e+01 9.170473906790001069e-06
7.809999999999999432e+01 9.052362465440001043e-06
7.820000000000000284e+01 8.935361054060000002e-06
7.829999999999999716e+01 8.819462293810000159e-06
7.840000000000000568e+01 8.704658708760000727e-06
7.850000000000000000e+01 8.590942920070000533e-06
7.859999999999999432e+01 8.478307548900000095e-06
7.870000000000000284e+01 8.366745216410001630e-06
7.879999999999999716e+01 8.256248835030001112e-06
7.890000000000000568e+01 8.146810928830001142e-06
7.900000000000000000e+01 8.038424507330000696e-06
7.909999999999999432e+01 7.931082288779999910e-06
7.920000000000000284e+01 7.824777185609999841e-06
7.929999999999999716e+01 7.719502013160000237e-06
7.940000000000000568e+01 7.615249878040000537e-06
7.950000000000000000e+01 7.512013692680000952e-06
7.959999999999999432e+01 7.409813263439999861e-06
7.970000000000000284e+01 7.308681406740001547e-06
7.979999999999999716e+01 7.208542101110000608e-06
7.990000000000000568e+01 7.109388744430000405e-06
8.000000000000000000e+01 7.011214443309999530e-06
8.009999999999999432e+01 6.914012401450000425e-06
8.020000000000000284e+01 6.817776113820000985e-06
8.029999999999999716e+01 6.722498687030001496e-06
8.040000000000000568e+01 6.628173518959999391e-06
8.050000000000000000e+01 6.534794104579999343e-06
8.059999999999999432e+01 6.442353938860000941e-06
8.070000000000000284e+01 6.350846225500000696e-06
8.079999999999999716e+01 6.260264750740000429e-06
8.090000000000000568e+01 6.170602912460000116e-06
8.100000000000000000e+01 6.081854302719999806e-06
8.109999999999999432e+01 5.994012513579999551e-06
8.120000000000000284e+01 5.907071331280001172e-06
8.129999999999999716e+01 5.821024250790000021e-06
8.140000000000000568e+01 5.735865155440000076e-06
8.150000000000000000e+01 5.651587734380000154e-06
8.159999999999999432e+01 5.568185676760000766e-06
8.170000000000000284e+01 5.485652963000000422e-06
8.179999999999999716e+01 5.403983379340000093e-06
8.190000000000000568e+01 5.323196343779999703e-06
8.200000000000000000e+01 5.243299623520000576e-06
8.209999999999999432e+01 5.164245838640001241e-06
8.220000000000000284e+01 5.086029163740000279e-06
8.229999999999999716e+01 5.008643482149999973e-06
8.240000000000000568e+01 4.932082968469999752e-06
8.250000000000000000e+01 4.856341797300000741e-06
8.259999999999999432e+01 4.781414046150000215e-06
8.270000000000000284e+01 4.707293889620000145e-06
8.279999999999999716e+01 4.633975599400000421e-06
8.290000000000000568e+01 4.561453447180000089e-06
8.300000000000000000e+01 4.489721607560000273e-06
8.309999999999999432e+01 4.418774449319999631e-06
8.320000000000000284e+01 4.348606341240000210e-06
8.329999999999999716e+01 4.279211652099999821e-06
8.340000000000000568e+01 4.210584847770000973e-06
8.350000000000000000e+01 4.142720199940001015e-06
8.359999999999999432e+01 4.075612368659999991e-06
8.370000000000000284e+01 4.009255819800001254e-06
8.379999999999999716e+01 3.943644922140000923e-06
8.390000000000000568e+01 3.878774432820000347e-06
8.400000000000000000e+01 3.814638817710000342e-06
8.409999999999999432e+01 3.751232833950000139e-06
8.420000000000000284e+01 3.688558423340000070e-06
8.429999999999999716e+01 3.626639275840000448e-06
8.440000000000000568e+01 3.565432283490000190e-06
8.450000000000000000e+01 3.504932203430000223e-06
8.459999999999999432e+01 3.445133986980000278e-06
8.470000000000000284e+01 3.386032294189999975e-06
8.479999999999999716e+01 3.327621979290000702e-06
8.490000000000000568e+01 3.269898090690000111e-06
8.500000000000000000e+01 3.212855385529999976e-06
8.509999999999999432e+01 3.156488912220000490e-06
8.520000000000000284e+01 3.100793524990000501e-06
8.529999999999999716e+01 3.045764369340000240e-06
8.540000000000000568e+01 2.991396396590000285e-06
8.550000000000000000e+01 2.937684655149999983e-06
8.559999999999999432e+01 2.884624193429999526e-06
8.570000000000000284e+01 2.832210254019999608e-06
8.579999999999999716e+01 2.780437982420000460e-06
8.590000000000000568e+01 2.729302427040000155e-06
8.600000000000000000e+01 2.678798830470000235e-06
8.609999999999999432e+01 2.628922435300000121e-06
8.620000000000000284e+01 2.579668484120000081e-06
8.629999999999999716e+01 2.531032316609999999e-06
8.640000000000000568e+01 2.483009175360000142e-06
8.650000000000000000e+01 2.435594400050000395e-06
8.659999999999999432e+01 2.388800709470000193e-06
8.670000000000000284e+01 2.342616064460000365e-06
8.679999999999999716e+01 2.297024930619999954e-06
8.690000000000000568e+01 2.252022744720000153e-06
8.700000000000000000e+01 2.207605040620000496e-06
8.709999999999999432e+01 2.163767255090000057e-06
8.720000000000000284e+01 2.120505019080000102e-06
8.729999999999999716e+01 2.077813769360000129e-06
8.740000000000000568e+01 2.035689331060000632e-06
8.750000000000000000e+01 1.994127043860000648e-06
8.759999999999999432e+01 1.953122732890000248e-06
8.770000000000000284e+01 1.912672029100000275e-06
8.779999999999999716e+01 1.872770563440000090e-06
8.790000000000000568e+01 1.833414161040000188e-06
8.800000000000000000e+01 1.794598452849999930e-06
8.809999999999999432e+01 1.756319264000000023e-06
8.820000000000000284e+01 1.718572419620000115e-06
8.829999999999999716e+01 1.681353647750000240e-06
8.840000000000000568e+01 1.644658870610000083e-06
8.850000000000000000e+01 1.608484010420000177e-06
8.859999999999999432e+01 1.572824795220000133e-06
8.870000000000000284e+01 1.537677147230000060e-06
8.879999999999999716e+01 1.503037182849999931e-06
8.890000000000000568e+01 1.468900727210000029e-06
8.900000000000000000e+01 1.435276032960000174e-06
8.909999999999999432e+01 1.402150381310000081e-06
8.920000000000000284e+01 1.369515616699999968e-06
8.929999999999999716e+01 1.337367661350000157e-06
8.940000000000000568e+01 1.305702825840000062e-06
8.950000000000000000e+01 1.274517032390000214e-06
8.959999999999999432e+01 1.243806591580000027e-06
8.970000000000000284e+01 1.213567522720000284e-06
8.979999999999999716e+01 1.183796039299999936e-06
8.990000000000000568e+01 1.154488451900000091e-06
9.000000000000000000e+01 1.125640876920000085e-06
9.009999999999999432e+01 1.097249624939999969e-06
9.020000000000000284e+01 1.069310909449999964e-06
9.029999999999999716e+01 1.041821138119999945e-06
9.040000000000000568e+01 1.014776621530000172e-06
9.050000000000000000e+01 9.881735731700000199e-07
9.059999999999999432e+01 9.620085075090002102e-07
9.070000000000000284e+01 9.362777157090001271e-07
9.079999999999999716e+01 9.109776442760001260e-07
9.090000000000000568e+01 8.861047008799999754e-07
9.100000000000000000e+01 8.616553611540000210e-07
9.109999999999999432e+01 8.376260910220002233e-07
9.120000000000000284e+01 8.140133758260000423e-07
9.129999999999999716e+01 7.908137300350000927e-07
9.140000000000000568e+01 7.680284061100001626e-07
9.150000000000000000e+01 7.456527340220000674e-07
9.159999999999999432e+01 7.236793155130000872e-07
9.170000000000000284e+01 7.021047718510000948e-07
9.179999999999999716e+01 6.809257437219999915e-07
9.190000000000000568e+01 6.601388621030000353e-07
9.200000000000000000e+01 6.397408162249999345e-07
9.209999999999999432e+01 6.197282856099999658e-07
9.220000000000000284e+01 6.000979983249998953e-07
9.229999999999999716e+01 5.808466630189999895e-07
9.240000000000000568e+01 5.619710563040000335e-07
9.250000000000000000e+01 5.434679353740001010e-07
9.259999999999999432e+01 5.253340962590000057e-07
9.270000000000000284e+01 5.075663544070000134e-07
9.279999999999999716e+01 4.901615252660000723e-07
9.290000000000000568e+01 4.731164728290000437e-07
9.300000000000000000e+01 4.564280707980001207e-07
9.309999999999999432e+01 4.400931831660000588e-07
9.320000000000000284e+01 4.241087418890000313e-07
9.329999999999999716e+01 4.084716692140000387e-07
9.340000000000000568e+01 3.931788970969999897e-07
9.350000000000000000e+01 3.782273963300001152e-07
9.359999999999999432e+01 3.636141571230000397e-07
9.370000000000000284e+01 3.493361793950000371e-07
9.379999999999999716e+01 3.353905795729999715e-07
9.390000000000000568e+01 3.217776877630000136e-07
9.400000000000000000e+01 3.084908824270000040e-07
9.409999999999999432e+01 2.955272411560000140e-07
9.420000000000000284e+01 2.828838803770000135e-07
9.429999999999999716e+01 2.705579165170000253e-07
9.440000000000000568e+01 2.585464951300000096e-07
9.450000000000000000e+01 2.468467520610000178e-07
9.459999999999999432e+01 2.354558814090000024e-07
9.470000000000000284e+01 2.243710675640000074e-07
9.479999999999999716e+01 2.135895240429999875e-07
9.490000000000000568e+01 2.031084740720000176e-07
9.500000000000000000e+01 1.929251602950000160e-07
9.509999999999999432e+01 1.830368544830000237e-07
9.520000000000000284e+01 1.734408186980000406e-07
9.529999999999999716e+01 1.641343635470000328e-07
9.540000000000000568e+01 1.551147996370000190e-07
9.550000000000000000e+01 1.463794472840000327e-07
9.559999999999999432e+01 1.379256656400000056e-07
9.570000000000000284e+01 1.297508138570000285e-07
9.579999999999999716e+01 1.218522607960000212e-07
9.590000000000000568e+01 1.142274238630000281e-07
9.600000000000000000e+01 1.068737010460000121e-07
9.609999999999999432e+01 9.978851946000000571e-08
9.620000000000000284e+01 9.296933243430000061e-08
9.629999999999999716e+01 8.641376903109999709e-08
9.640000000000000568e+01 8.011980880749999768e-08
9.650000000000000000e+01 7.408414876170000038e-08
9.659999999999999432e+01 6.830430630240001234e-08
9.670000000000000284e+01 6.277781631450000041e-08
9.679999999999999716e+01 5.750222824639999926e-08
9.690000000000000568e+01 5.247510610999999897e-08
9.700000000000000000e+01 4.769403333520000507e-08
9.709999999999999432e+01 4.315660403180001244e-08
9.720000000000000284e+01 3.886043075670000354e-08
9.729999999999999716e+01 3.480314063030000222e-08
9.740000000000000568e+01 3.098237727829999718e-08
9.750000000000000000e+01 2.739579694809999912e-08
9.759999999999999432e+01 2.404107239240000012e-08
9.770000000000000284e+01 2.091589189830000200e-08
9.779999999999999716e+01 1.801795831639999836e-08
9.790000000000000568e+01 1.534498906079999772e-08
9.800000000000000000e+01 1.289471610910000201e-08
9.809999999999999432e+01 1.066488697329999974e-08
9.820000000000000284e+01 8.653263146360000120e-09
9.829999999999999716e+01 6.857620976010000394e-09
9.840000000000000568e+01 5.275751470570000480e-09
9.850000000000000000e+01 3.905459619319999466e-09
9.859999999999999432e+01 2.744565169220000483e-09
9.870000000000000284e+01 1.790901945279999778e-09
9.879999999999999716e+01 1.042318141829999960e-09
9.890000000000000568e+01 4.966806818610000565e-10
9.900000000000000000e+01 1.518538280980000266e-10
9.909999999999999432e+01 5.733936462590000804e-12
9.920000000000000284e+01 5.623125315430001171e-11
9.929999999999999716e+01 3.012697651320000060e-10
9.940000000000000568e+01 7.387871700160000482e-10
9.950000000000000000e+01 1.366734764920000182e-09
9.959999999999999432e+01 2.183077388100000077e-09
9.970000000000000284e+01 3.185793392740000233e-09
9.979999999999999716e+01 4.372874472190000247e-09
9.990000000000000568e+01 5.742325815309999615e-09
1.000000000000000000e+02 7.292165718109998611e-09
