1.000000000000000000e+00 1.377928582000000112e-03
1.100000000000000089e+00 1.367542835500000151e-03
1.199999999999999956e+00 1.357221182999999954e-03
1.300000000000000044e+00 1.346963259499999897e-03
1.399999999999999911e+00 1.336768736499999990e-03
1.500000000000000000e+00 1.326637248999999958e-03
1.600000000000000089e+00 1.316568504999999882e-03
1.699999999999999956e+00 1.306562139499999921e-03
1.800000000000000044e+00 1.296617860499999940e-03
1.899999999999999911e+00 1.286735339500000167e-03
2.000000000000000000e+00 1.276914211499999893e-03
2.100000000000000089e+00 1.267154184500000067e-03
2.200000000000000178e+00 1.257454930000000051e-03
2.299999999999999822e+00 1.247816155999999926e-03
2.399999999999999911e+00 1.238237460999999998e-03
2.500000000000000000e+00 1.228718626000000055e-03
2.600000000000000089e+00 1.219259249499999968e-03
2.700000000000000178e+00 1.209859075999999891e-03
2.799999999999999822e+00 1.200647607499999957e-03
2.899999999999999911e+00 1.191596666000000002e-03
3.000000000000000000e+00 1.182601751999999952e-03
3.100000000000000089e+00 1.173662573500000106e-03
3.200000000000000178e+00 1.164813987999999958e-03
3.299999999999999822e+00 1.156189402999999866e-03
3.399999999999999911e+00 1.147617670000000006e-03
3.500000000000000000e+00 1.139098606500000025e-03
3.600000000000000089e+00 1.130631883999999934e-03
3.700000000000000178e+00 1.122301233499999962e-03
3.799999999999999822e+00 1.114118882499999822e-03
3.899999999999999911e+00 1.105986353999999878e-03
4.000000000000000000e+00 1.097903355999999995e-03
4.099999999999999645e+00 1.089869632999999893e-03
4.200000000000000178e+00 1.081954899999999862e-03
4.299999999999999822e+00 1.074181275999999989e-03
4.400000000000000355e+00 1.066454590999999907e-03
4.500000000000000000e+00 1.058774662499999911e-03
4.599999999999999645e+00 1.051141198500000085e-03
4.700000000000000178e+00 1.043564127000000006e-03
4.799999999999999822e+00 1.036169920499999987e-03
4.900000000000000355e+00 1.028820061499999923e-03
5.000000000000000000e+00 1.021514331000000038e-03
5.099999999999999645e+00 1.014252436999999981e-03
5.200000000000000178e+00 1.007034196999999831e-03
5.299999999999999822e+00 9.999105650000000324e-04
5.400000000000000355e+00 9.929108505000001309e-04
5.500000000000000000e+00 9.859528555000000600e-04
5.599999999999999645e+00 9.790363610000000442e-04
5.700000000000000178e+00 9.721611114999999118e-04
5.799999999999999822e+00 9.653268880000001042e-04
5.900000000000000355e+00 9.585786584999999400e-04
6.000000000000000000e+00 9.519448564999999710e-04
6.099999999999999645e+00 9.453503284999998464e-04
6.200000000000000178e+00 9.387948555000000077e-04
6.299999999999999822e+00 9.322782550000000999e-04
6.400000000000000355e+00 9.258003080000001307e-04
6.500000000000000000e+00 9.193655769999999755e-04
6.599999999999999645e+00 9.130726120000000638e-04
6.700000000000000178e+00 9.068166579999999317e-04
6.799999999999999822e+00 9.005975690000000543e-04
6.900000000000000355e+00 8.944150894999999346e-04
7.000000000000000000e+00 8.882690734999999392e-04
7.099999999999999645e+00 8.821593020000000757e-04
7.200000000000000178e+00 8.761234794999998464e-04
7.299999999999999822e+00 8.701832505000000424e-04
7.400000000000000355e+00 8.642777695000000617e-04
7.500000000000000000e+00 8.584068904999999456e-04
7.599999999999999645e+00 8.525703580000000645e-04
7.700000000000000178e+00 8.467680989999999512e-04
7.799999999999999822e+00 8.409998579999999760e-04
7.900000000000000355e+00 8.353009670000001224e-04
8.000000000000000000e+00 8.296877050000000696e-04
8.099999999999999645e+00 8.241071469999999843e-04
8.199999999999999289e+00 8.185590739999999829e-04
8.300000000000000711e+00 8.130433400000001065e-04
8.400000000000000355e+00 8.075597990000000712e-04
8.500000000000000000e+00 8.021082684999999556e-04
8.599999999999999645e+00 7.966960850000000434e-04
8.699999999999999289e+00 7.913865029999999842e-04
8.800000000000000711e+00 7.861076905000000331e-04
8.900000000000000355e+00 7.808594650000000520e-04
9.000000000000000000e+00 7.756416805000000822e-04
9.099999999999999645e+00 7.704541910000000564e-04
9.199999999999999289e+00 7.652968140000000535e-04
9.300000000000000711e+00 7.601694399999999689e-04
9.400000000000000355e+00 7.551044445000001069e-04
9.500000000000000000e+00 7.501064629999999430e-04
9.599999999999999645e+00 7.451373164999999191e-04
9.699999999999999289e+00 7.401968589999999683e-04
9.800000000000000711e+00 7.352849445000001318e-04
9.900000000000000355e+00 7.304013904999999461e-04
1.000000000000000000e+01 7.255461240000000284e-04
1.009999999999999964e+01 7.207189625000001319e-04
1.019999999999999929e+01 7.159515515000001171e-04
1.030000000000000071e+01 7.112426134999998845e-04
1.040000000000000036e+01 7.065607219999999996e-04
1.050000000000000000e+01 7.019057674999999242e-04
1.059999999999999964e+01 6.972776040000000248e-04
1.069999999999999929e+01 6.926761220000000885e-04
1.080000000000000071e+01 6.881011024999999061e-04
1.090000000000000036e+01 6.835525089999999488e-04
1.100000000000000000e+01 6.790427514999999598e-04
1.109999999999999964e+01 6.746024534999999801e-04
1.119999999999999929e+01 6.701875960000000434e-04
1.130000000000000071e+01 6.657980329999999740e-04
1.140000000000000036e+01 6.614336549999999927e-04
1.150000000000000000e+01 6.570943160000000324e-04
1.159999999999999964e+01 6.527799064999999885e-04
1.169999999999999929e+01 6.484902805000000107e-04
1.180000000000000071e+01 6.442252920000000318e-04
1.190000000000000036e+01 6.400160025000000774e-04
1.200000000000000000e+01 6.358500020000000790e-04
1.209999999999999964e+01 6.317077994999999646e-04
1.219999999999999929e+01 6.275892854999999548e-04
1.230000000000000071e+01 6.234943140000000911e-04
1.240000000000000036e+01 6.194227755000000519e-04
1.250000000000000000e+01 6.153745604999999496e-04
1.259999999999999964e+01 6.113495595000000048e-04
1.269999999999999929e+01 6.073475899999999711e-04
1.280000000000000071e+01 6.034001879999999294e-04
1.290000000000000036e+01 5.994897605000000301e-04
1.300000000000000000e+01 5.956015979999999604e-04
1.309999999999999964e+01 5.917355909999999410e-04
1.319999999999999929e+01 5.878916299999999758e-04
1.330000000000000071e+01 5.840696055000000686e-04
1.340000000000000036e+01 5.802694080000000065e-04
1.350000000000000000e+01 5.764909279999999017e-04
1.359999999999999964e+01 5.727340559999999749e-04
1.369999999999999929e+01 5.690169325000000566e-04
1.380000000000000071e+01 5.653452149999999834e-04
1.390000000000000036e+01 5.616943390000000069e-04
1.400000000000000000e+01 5.580642314999999850e-04
1.409999999999999964e+01 5.544547829999999216e-04
1.419999999999999929e+01 5.508658474999999664e-04
1.430000000000000071e+01 5.472973519999999774e-04
1.440000000000000036e+01 5.437491870000000669e-04
1.450000000000000000e+01 5.402212430000000220e-04
1.459999999999999964e+01 5.367134469999999173e-04
1.469999999999999929e+01 5.332583205000000163e-04
1.480000000000000071e+01 5.298286344999999413e-04
1.490000000000000036e+01 5.264183665000000132e-04
1.500000000000000000e+01 5.230274070000000188e-04
1.509999999999999964e+01 5.196557194999999957e-04
1.519999999999999929e+01 5.163031945000000561e-04
1.530000000000000071e+01 5.129696860000000245e-04
1.540000000000000036e+01 5.096551575000000467e-04
1.550000000000000000e+01 5.063594994999999098e-04
1.559999999999999964e+01 5.030825659999999802e-04
1.569999999999999929e+01 4.998563675000000693e-04
1.580000000000000071e+01 4.966503900000000240e-04
1.590000000000000036e+01 4.934625164999999550e-04
1.600000000000000000e+01 4.902927104999998996e-04
1.610000000000000142e+01 4.871408259999999535e-04
1.619999999999999929e+01 4.840068630000000081e-04
1.630000000000000071e+01 4.808906389999999796e-04
1.639999999999999858e+01 4.777920809999999970e-04
1.650000000000000000e+01 4.747111524999999893e-04
1.660000000000000142e+01 4.716477074999999978e-04
1.669999999999999929e+01 4.686229890000000327e-04
1.680000000000000071e+01 4.656239665000000113e-04
1.689999999999999858e+01 4.626418799999999169e-04
1.700000000000000000e+01 4.596766199999999161e-04
1.710000000000000142e+01 4.567281500000000462e-04
1.719999999999999929e+01 4.537963970000000028e-04
1.730000000000000071e+01 4.508812149999999897e-04
1.739999999999999858e+01 4.479825674999999359e-04
1.750000000000000000e+01 4.451003450000000621e-04
1.760000000000000142e+01 4.422344745000000095e-04
1.769999999999999929e+01 4.393890075000000148e-04
1.780000000000000071e+01 4.365819385000000580e-04
1.789999999999999858e+01 4.337907105000000127e-04
1.800000000000000000e+01 4.310152505000000079e-04
1.810000000000000142e+01 4.282554490000000475e-04
1.819999999999999929e+01 4.255112694999999522e-04
1.830000000000000071e+01 4.227825659999999799e-04
1.839999999999999858e+01 4.200693385000000223e-04
1.850000000000000000e+01 4.173714775000000291e-04
1.860000000000000142e+01 4.146889099999999666e-04
1.869999999999999929e+01 4.120215629999999640e-04
1.880000000000000071e+01 4.093758240000000309e-04
1.889999999999999858e+01 4.067620954999999635e-04
1.900000000000000000e+01 4.041631129999999545e-04
1.910000000000000142e+01 4.015788035000000789e-04
1.919999999999999929e+01 3.990090939999999778e-04
1.930000000000000071e+01 3.964538750000000345e-04
1.939999999999999858e+01 3.939131100000000697e-04
1.950000000000000000e+01 3.913867259999999956e-04
1.960000000000000142e+01 3.888746499999999411e-04
1.969999999999999929e+01 3.863767724999999644e-04
1.980000000000000071e+01 3.838930569999999946e-04
1.989999999999999858e+01 3.814249634999999981e-04
2.000000000000000000e+01 3.789903404999999965e-04
2.010000000000000142e+01 3.765694414999999629e-04
2.019999999999999929e+01 3.741621935000000263e-04
2.030000000000000071e+01 3.717685599999999532e-04
2.039999999999999858e+01 3.693884314999999643e-04
2.050000000000000000e+01 3.670217349999999718e-04
2.060000000000000142e+01 3.646684486000000415e-04
2.069999999999999929e+01 3.623284700999999204e-04
2.080000000000000071e+01 3.600017447500000441e-04
2.089999999999999858e+01 3.576882032000000067e-04
2.100000000000000000e+01 3.553877797499999515e-04
2.110000000000000142e+01 3.531105775999999596e-04
2.119999999999999929e+01 3.508548301500000102e-04
2.130000000000000071e+01 3.486118066000000351e-04
2.139999999999999858e+01 3.463814448999999679e-04
2.150000000000000000e+01 3.441636793500000061e-04
2.160000000000000142e+01 3.419584442500000218e-04
2.169999999999999929e+01 3.397656811999999558e-04
2.180000000000000071e+01 3.375853245000000054e-04
2.189999999999999858e+01 3.354173157500000028e-04
2.200000000000000000e+01 3.332615892499999830e-04
2.210000000000000142e+01 3.311180829499999877e-04
2.219999999999999929e+01 3.289867420999999649e-04
2.230000000000000071e+01 3.268789912000000177e-04
2.239999999999999858e+01 3.247883770499999543e-04
2.250000000000000000e+01 3.227095633499999666e-04
2.260000000000000142e+01 3.206424916999999950e-04
2.269999999999999929e+01 3.185871000499999731e-04
2.280000000000000071e+01 3.165433373000000185e-04
2.289999999999999858e+01 3.145111340999999961e-04
2.300000000000000000e+01 3.124904430000000305e-04
2.310000000000000142e+01 3.104812019500000010e-04
2.319999999999999929e+01 3.084833525500000110e-04
2.330000000000000071e+01 3.064968364000000009e-04
2.339999999999999858e+01 3.045216024000000341e-04
2.350000000000000000e+01 3.025651439999999946e-04
2.360000000000000142e+01 3.006270706499999902e-04
2.369999999999999929e+01 2.986999509499999863e-04
2.380000000000000071e+01 2.967837228499999708e-04
2.389999999999999858e+01 2.948783352500000069e-04
2.400000000000000000e+01 2.929837333999999881e-04
2.410000000000000142e+01 2.910998661999999776e-04
2.419999999999999929e+01 2.892266716000000174e-04
2.430000000000000071e+01 2.873641021499999610e-04
2.439999999999999858e+01 2.855121067500000342e-04
2.450000000000000000e+01 2.836706270000000150e-04
2.460000000000000142e+01 2.818396117999999667e-04
2.469999999999999929e+01 2.800190465500000236e-04
2.480000000000000071e+01 2.782219507999999760e-04
2.489999999999999858e+01 2.764350202999999676e-04
2.500000000000000000e+01 2.746582003000000004e-04
2.510000000000000142e+01 2.728914469999999893e-04
2.519999999999999929e+01 2.711347020000000373e-04
2.530000000000000071e+01 2.693879215000000052e-04
2.539999999999999858e+01 2.676510507500000032e-04
2.550000000000000000e+01 2.659240422999999934e-04
2.560000000000000142e+01 2.642068486999999918e-04
2.569999999999999929e+01 2.624994188500000074e-04
2.580000000000000071e+01 2.608017016499999952e-04
2.589999999999999858e+01 2.591136496499999711e-04
2.600000000000000000e+01 2.574372411499999884e-04
2.610000000000000142e+01 2.557799294500000156e-04
2.619999999999999929e+01 2.541320128499999936e-04
2.630000000000000071e+01 2.524934402499999855e-04
2.639999999999999858e+01 2.508641642000000076e-04
2.650000000000000000e+01 2.492441408999999746e-04
2.660000000000000142e+01 2.476333265499999639e-04
2.669999999999999929e+01 2.460316700500000389e-04
2.680000000000000071e+01 2.444391275999999516e-04
2.689999999999999858e+01 2.428556517500000164e-04
2.700000000000000000e+01 2.412811950499999783e-04
2.710000000000000142e+01 2.397157210000000103e-04
2.719999999999999929e+01 2.381591748500000059e-04
2.730000000000000071e+01 2.366117208500000135e-04
2.739999999999999858e+01 2.350830643499999910e-04
2.750000000000000000e+01 2.335630875499999644e-04
2.760000000000000142e+01 2.320517502999999910e-04
2.769999999999999929e+01 2.305490124499999657e-04
2.780000000000000071e+01 2.290548265499999859e-04
2.789999999999999858e+01 2.275691524500000006e-04
2.800000000000000000e+01 2.260919463500000060e-04
2.810000000000000142e+01 2.246231644499999981e-04
2.819999999999999929e+01 2.231627666000000345e-04
2.830000000000000071e+01 2.217107053499999957e-04
2.839999999999999858e+01 2.202669442000000275e-04
2.850000000000000000e+01 2.188314429999999977e-04
2.860000000000000142e+01 2.174041506500000236e-04
2.869999999999999929e+01 2.159898742000000227e-04
2.880000000000000071e+01 2.145877412999999787e-04
2.889999999999999858e+01 2.131935982499999981e-04
2.900000000000000000e+01 2.118074049000000030e-04
2.910000000000000142e+01 2.104291247500000037e-04
2.919999999999999929e+01 2.090587140000000233e-04
2.930000000000000071e+01 2.076961361499999909e-04
2.939999999999999858e+01 2.063413510500000181e-04
2.950000000000000000e+01 2.049943148999999927e-04
2.960000000000000142e+01 2.036549948500000133e-04
2.969999999999999929e+01 2.023233471000000219e-04
2.980000000000000071e+01 2.009993388000000088e-04
2.989999999999999858e+01 1.996829224999999901e-04
3.000000000000000000e+01 1.983740690000000174e-04
3.010000000000000142e+01 1.970784978499999941e-04
3.019999999999999929e+01 1.957923728999999937e-04
3.030000000000000071e+01 1.945136027000000142e-04
3.039999999999999858e+01 1.932421543999999916e-04
3.050000000000000000e+01 1.919779878499999835e-04
3.060000000000000142e+01 1.907210628999999929e-04
3.069999999999999929e+01 1.894713503500000174e-04
3.080000000000000071e+01 1.882288100500000060e-04
3.089999999999999858e+01 1.869934018500000160e-04
3.100000000000000000e+01 1.857650965499999906e-04
3.110000000000000142e+01 1.845438576500000216e-04
3.119999999999999929e+01 1.833296450000000037e-04
3.130000000000000071e+01 1.821224220999999744e-04
3.139999999999999858e+01 1.809221597499999852e-04
3.150000000000000000e+01 1.797329787999999741e-04
3.160000000000000142e+01 1.785532805500000028e-04
3.169999999999999929e+01 1.773803530500000006e-04
3.180000000000000071e+01 1.762141670999999650e-04
3.189999999999999858e+01 1.750546825500000076e-04
3.200000000000000000e+01 1.739018738499999975e-04
3.210000000000000142e+01 1.727557008499999919e-04
3.220000000000000284e+01 1.716161306999999814e-04
3.229999999999999716e+01 1.704831342000000173e-04
3.239999999999999858e+01 1.693566712000000218e-04
3.250000000000000000e+01 1.682367161499999993e-04
3.260000000000000142e+01 1.671232288999999801e-04
3.270000000000000284e+01 1.660161802499999888e-04
3.279999999999999716e+01 1.649155409999999956e-04
3.289999999999999858e+01 1.638222090499999852e-04
3.300000000000000000e+01 1.627401884499999935e-04
3.310000000000000142e+01 1.616644056999999915e-04
3.320000000000000284e+01 1.605948315999999767e-04
3.329999999999999716e+01 1.595314332999999936e-04
3.339999999999999858e+01 1.584741816000000126e-04
3.350000000000000000e+01 1.574230399999999896e-04
3.360000000000000142e+01 1.563779829499999834e-04
3.370000000000000284e+01 1.553389775999999844e-04
3.379999999999999716e+01 1.543059947500000171e-04
3.389999999999999858e+01 1.532789979000000104e-04
3.400000000000000000e+01 1.522579614999999961e-04
3.410000000000000142e+01 1.512428563499999986e-04
3.420000000000000284e+01 1.502336496000000082e-04
3.429999999999999716e+01 1.492303120500000223e-04
3.439999999999999858e+01 1.482347708999999947e-04
3.450000000000000000e+01 1.472481904999999947e-04
3.460000000000000142e+01 1.462673259999999992e-04
3.470000000000000284e+01 1.452921554999999927e-04
3.479999999999999716e+01 1.443226424999999855e-04
3.489999999999999858e+01 1.433587650999999894e-04
3.500000000000000000e+01 1.424004904499999945e-04
3.510000000000000142e+01 1.414477893499999984e-04
3.520000000000000284e+01 1.405006325999999983e-04
3.529999999999999716e+01 1.395589983000000060e-04
3.539999999999999858e+01 1.386228499500000047e-04
3.550000000000000000e+01 1.376921656500000059e-04
3.560000000000000142e+01 1.367669162000000071e-04
3.570000000000000284e+01 1.358470724000000057e-04
3.579999999999999716e+01 1.349326050499999991e-04
3.589999999999999858e+01 1.340247259499999862e-04
3.600000000000000000e+01 1.331253513500000078e-04
3.610000000000000142e+01 1.322312181500000054e-04
3.620000000000000284e+01 1.313423008000000108e-04
3.629999999999999716e+01 1.304585774000000084e-04
3.639999999999999858e+01 1.295800114500000085e-04
3.650000000000000000e+01 1.287065883500000099e-04
3.660000000000000142e+01 1.278382715999999957e-04
3.670000000000000284e+01 1.269750392999999776e-04
3.679999999999999716e+01 1.261168695499999943e-04
3.689999999999999858e+01 1.252637295000000089e-04
3.700000000000000000e+01 1.244155935999999990e-04
3.710000000000000142e+01 1.235724436000000103e-04
3.720000000000000284e+01 1.227342429999999989e-04
3.729999999999999716e+01 1.219009772000000043e-04
3.739999999999999858e+01 1.210726133499999895e-04
3.750000000000000000e+01 1.202523597999999880e-04
3.760000000000000142e+01 1.194374863500000019e-04
3.770000000000000284e+01 1.186273980500000125e-04
3.779999999999999716e+01 1.178220656999999901e-04
3.789999999999999858e+01 1.170214673999999869e-04
3.800000000000000000e+01 1.162255775999999940e-04
3.810000000000000142e+01 1.154343780500000029e-04
3.820000000000000284e+01 1.146478395500000110e-04
3.829999999999999716e+01 1.138659365500000094e-04
3.839999999999999858e+01 1.130886471500000095e-04
3.850000000000000000e+01 1.123159494499999960e-04
3.860000000000000142e+01 1.115478179000000140e-04
3.870000000000000284e+01 1.107842305999999803e-04
3.879999999999999716e+01 1.100251619999999942e-04
3.889999999999999858e+01 1.092705901999999995e-04
3.900000000000000000e+01 1.085208108499999887e-04
3.910000000000000142e+01 1.077783753000000045e-04
3.920000000000000284e+01 1.070403233999999950e-04
3.929999999999999716e+01 1.063066405500000131e-04
3.939999999999999858e+01 1.055772975500000020e-04
3.950000000000000000e+01 1.048522761499999940e-04
3.960000000000000142e+01 1.041315507999999800e-04
3.970000000000000284e+01 1.034150995999999988e-04
3.979999999999999716e+01 1.027029043000000149e-04
3.989999999999999858e+01 1.019949356999999985e-04
4.000000000000000000e+01 1.012911828500000097e-04
4.010000000000000142e+01 1.005916128999999982e-04
4.020000000000000284e+01 9.989620759999999619e-05
4.029999999999999716e+01 9.920495235000000240e-05
4.039999999999999858e+01 9.851781429999999359e-05
4.050000000000000000e+01 9.783477884999999558e-05
4.060000000000000142e+01 9.715588615000000515e-05
4.070000000000000284e+01 9.648369484999999807e-05
4.079999999999999716e+01 9.581551124999999338e-05
4.089999999999999858e+01 9.515130614999998851e-05
4.100000000000000000e+01 9.449106859999998925e-05
4.110000000000000142e+01 9.383476939999999304e-05
4.120000000000000284e+01 9.318239394999999856e-05
4.129999999999999716e+01 9.253391670000001034e-05
4.139999999999999858e+01 9.188932304999999998e-05
4.150000000000000000e+01 9.124859109999999265e-05
4.160000000000000142e+01 9.061169529999999286e-05
4.170000000000000284e+01 8.997862470000000642e-05
4.179999999999999716e+01 8.934935374999999718e-05
4.189999999999999858e+01 8.872386054999999031e-05
4.200000000000000000e+01 8.810213050000001162e-05
4.210000000000000142e+01 8.748414534999999852e-05
4.220000000000000284e+01 8.686987954999999617e-05
4.229999999999999716e+01 8.626072374999998538e-05
4.239999999999999858e+01 8.565609395000000931e-05
4.250000000000000000e+01 8.505509954999998913e-05
4.260000000000000142e+01 8.445772229999999776e-05
4.270000000000000284e+01 8.386394029999999261e-05
4.279999999999999716e+01 8.327373530000000594e-05
4.289999999999999858e+01 8.268709269999999581e-05
4.300000000000000000e+01 8.210399424999999447e-05
4.310000000000000142e+01 8.152441439999999289e-05
4.320000000000000284e+01 8.094834219999999688e-05
4.329999999999999716e+01 8.037575209999999739e-05
4.339999999999999858e+01 7.980663315000000025e-05
4.350000000000000000e+01 7.924096345000000350e-05
4.360000000000000142e+01 7.867872475000001230e-05
4.370000000000000284e+01 7.811990244999999827e-05
4.379999999999999716e+01 7.756447100000000657e-05
4.389999999999999858e+01 7.701241945000000236e-05
4.400000000000000000e+01 7.646542679999999872e-05
4.410000000000000142e+01 7.592195275000000840e-05
4.420000000000000284e+01 7.538177829999999845e-05
4.429999999999999716e+01 7.484488885000000825e-05
4.439999999999999858e+01 7.431126249999999518e-05
4.450000000000000000e+01 7.378088829999999217e-05
4.460000000000000142e+01 7.325374434999999728e-05
4.470000000000000284e+01 7.272981240000000211e-05
4.479999999999999716e+01 7.220908149999999892e-05
4.489999999999999858e+01 7.169152975000001287e-05
4.500000000000000000e+01 7.117714255000000202e-05
4.510000000000000142e+01 7.066590529999999218e-05
4.520000000000000284e+01 7.015779610000000852e-05
4.529999999999999716e+01 6.965280035000000907e-05
4.539999999999999858e+01 6.915090710000001322e-05
4.550000000000000000e+01 6.865209079999999835e-05
4.560000000000000142e+01 6.815634049999999740e-05
4.570000000000000284e+01 6.766498114999999888e-05
4.579999999999999716e+01 6.717688490000000461e-05
4.589999999999999858e+01 6.669178529999999778e-05
4.600000000000000000e+01 6.620966774999999065e-05
4.610000000000000142e+01 6.573051035000000838e-05
4.620000000000000284e+01 6.525430215000000258e-05
4.629999999999999716e+01 6.478102854999999904e-05
4.639999999999999858e+01 6.431067494999999649e-05
4.650000000000000000e+01 6.384321944999999299e-05
4.660000000000000142e+01 6.337865110000000788e-05
4.670000000000000284e+01 6.291695529999999923e-05
4.679999999999999716e+01 6.245811379999999930e-05
4.689999999999999858e+01 6.200211565000000034e-05
4.700000000000000000e+01 6.154894259999999396e-05
4.710000000000000142e+01 6.109858004999999242e-05
4.720000000000000284e+01 6.065100975000000088e-05
4.729999999999999716e+01 6.020622439999999837e-05
4.739999999999999858e+01 5.976482989999999787e-05
4.750000000000000000e+01 5.932688464999999776e-05
4.760000000000000142e+01 5.889166230000000829e-05
4.770000000000000284e+01 5.845914094999999364e-05
4.779999999999999716e+01 5.802930965000000028e-05
4.789999999999999858e+01 5.760215379999999980e-05
4.800000000000000000e+01 5.717766244999999801e-05
4.810000000000000142e+01 5.675581369999999976e-05
4.820000000000000284e+01 5.633660024999999761e-05
4.829999999999999716e+01 5.592000385000000352e-05
4.839999999999999858e+01 5.550601354999999616e-05
4.850000000000000000e+01 5.509461474999999460e-05
4.860000000000000142e+01 5.468579285000000430e-05
4.870000000000000284e+01 5.427953324999999687e-05
4.879999999999999716e+01 5.387582499999999844e-05
4.889999999999999858e+01 5.347464985000000064e-05
4.900000000000000000e+01 5.307599684999999570e-05
4.910000000000000142e+01 5.267985505000000299e-05
4.920000000000000284e+01 5.228706395000000195e-05
4.929999999999999716e+01 5.189699940000000510e-05
4.939999999999999858e+01 5.150939130000000207e-05
4.950000000000000000e+01 5.112422140000000482e-05
4.960000000000000142e+01 5.074147874999999881e-05
4.970000000000000284e+01 5.036114874999999630e-05
4.979999999999999716e+01 4.998322044999999633e-05
4.989999999999999858e+01 4.960767924999999760e-05
5.000000000000000000e+01 4.923451420000000592e-05
5.010000000000000142e+01 4.886371069999999290e-05
5.020000000000000284e+01 4.849525780000000499e-05
5.029999999999999716e+01 4.812914090000000025e-05
5.039999999999999858e+01 4.776534904999999803e-05
5.050000000000000000e+01 4.740386764999999028e-05
5.060000000000000142e+01 4.704468574999999634e-05
5.070000000000000284e+01 4.668779240000000847e-05
5.079999999999999716e+01 4.633316934999999795e-05
5.089999999999999858e+01 4.598081294999999157e-05
5.100000000000000000e+01 4.563139114999999424e-05
5.110000000000000142e+01 4.528444039999999203e-05
5.120000000000000284e+01 4.493970154999999588e-05
5.129999999999999716e+01 4.459716365000000483e-05
5.139999999999999858e+01 4.425681210000000402e-05
5.150000000000000000e+01 4.391863959999999959e-05
5.160000000000000142e+01 4.358262790000000348e-05
5.170000000000000284e+01 4.324877334999999504e-05
5.179999999999999716e+01 4.291705769999999974e-05
5.189999999999999858e+01 4.258747365000000340e-05
5.200000000000000000e+01 4.226000659999999795e-05
5.210000000000000142e+01 4.193464560000000275e-05
5.220000000000000284e+01 4.161137970000000326e-05
5.229999999999999716e+01 4.129019794999999853e-05
5.239999999999999858e+01 4.097108575000000082e-05
5.250000000000000000e+01 4.065403945000000302e-05
5.260000000000000142e+01 4.033903715000000320e-05
5.270000000000000284e+01 4.002607885000000136e-05
5.279999999999999716e+01 3.971544560000000204e-05
5.289999999999999858e+01 3.940729799999999913e-05
5.300000000000000000e+01 3.910114329999999646e-05
5.310000000000000142e+01 3.879697054999999982e-05
5.320000000000000284e+01 3.849476880000000147e-05
5.329999999999999716e+01 3.819453075000000077e-05
5.339999999999999858e+01 3.789624544999999674e-05
5.350000000000000000e+01 3.759989465000000133e-05
5.360000000000000142e+01 3.730547835000000098e-05
5.370000000000000284e+01 3.701297829999999407e-05
5.379999999999999716e+01 3.672238720000000028e-05
5.389999999999999858e+01 3.643369191000000627e-05
5.400000000000000000e+01 3.614688549499999988e-05
5.410000000000000142e+01 3.586195591000000107e-05
5.420000000000000284e+01 3.557889256999999738e-05
5.429999999999999716e+01 3.529768562000000081e-05
5.439999999999999858e+01 3.501832484000000096e-05
5.450000000000000000e+01 3.474079964499999894e-05
5.460000000000000142e+01 3.446510017999999996e-05
5.470000000000000284e+01 3.419167503000000106e-05
5.479999999999999716e+01 3.392022927499999373e-05
5.489999999999999858e+01 3.365056982999999681e-05
5.500000000000000000e+01 3.338268647499999990e-05
5.510000000000000142e+01 3.311656972000000352e-05
5.520000000000000284e+01 3.285220934499999727e-05
5.529999999999999716e+01 3.258959586000000200e-05
5.539999999999999858e+01 3.232871977500000467e-05
5.550000000000000000e+01 3.206957123500000373e-05
5.560000000000000142e+01 3.181214038500000441e-05
5.570000000000000284e+01 3.155641846499999780e-05
5.579999999999999716e+01 3.130239488999999854e-05
5.589999999999999858e+01 3.105006126499999981e-05
5.600000000000000000e+01 3.079940737000000476e-05
5.610000000000000142e+01 3.055042444499999770e-05
5.620000000000000284e+01 3.030310263499999741e-05
5.629999999999999716e+01 3.005743317999999838e-05
5.639999999999999858e+01 2.981340659000000112e-05
5.650000000000000000e+01 2.957101374000000143e-05
5.660000000000000142e+01 2.933062400999999542e-05
5.670000000000000284e+01 2.909199285000000211e-05
5.679999999999999716e+01 2.885496002499999917e-05
5.689999999999999858e+01 2.861951677500000480e-05
5.700000000000000000e+01 2.838565433999999993e-05
5.710000000000000142e+01 2.815336359500000070e-05
5.720000000000000284e+01 2.792263578000000158e-05
5.729999999999999716e+01 2.769346213499999706e-05
5.739999999999999858e+01 2.746583389999999856e-05
5.750000000000000000e+01 2.723974268000000262e-05
5.760000000000000142e+01 2.701517971499999696e-05
5.770000000000000284e+01 2.679213587999999769e-05
5.779999999999999716e+01 2.657060350999999873e-05
5.789999999999999858e+01 2.635057347999999927e-05
5.800000000000000000e+01 2.613203739499999923e-05
5.810000000000000142e+01 2.591498722500000062e-05
5.820000000000000284e+01 2.569941384499999925e-05
5.829999999999999716e+01 2.548530958999999918e-05
5.839999999999999858e+01 2.527266606500000372e-05
5.850000000000000000e+01 2.506164496499999942e-05
5.860000000000000142e+01 2.485232841500000032e-05
5.870000000000000284e+01 2.464444047500000029e-05
5.879999999999999716e+01 2.443797384499999867e-05
5.889999999999999858e+01 2.423292013000000219e-05
5.900000000000000000e+01 2.402927130000000267e-05
5.910000000000000142e+01 2.382701969000000419e-05
5.920000000000000284e+01 2.362615726999999858e-05
5.929999999999999716e+01 2.342667600999999799e-05
5.939999999999999858e+01 2.322856788000000105e-05
5.950000000000000000e+01 2.303182558000000372e-05
5.960000000000000142e+01 2.283644071500000254e-05
5.970000000000000284e+01 2.264240598500000026e-05
5.979999999999999716e+01 2.244971372500000094e-05
5.989999999999999858e+01 2.225835626999999849e-05
6.000000000000000000e+01 2.206832559000000167e-05
6.010000000000000142e+01 2.187961438499999968e-05
6.020000000000000284e+01 2.169221535499999865e-05
6.029999999999999716e+01 2.150612047000000058e-05
6.039999999999999858e+01 2.132132279500000010e-05
6.050000000000000000e+01 2.113807782999999952e-05
6.060000000000000142e+01 2.095620088500000077e-05
6.070000000000000284e+01 2.077559341000000191e-05
6.079999999999999716e+01 2.059624774000000022e-05
6.089999999999999858e+01 2.041815620999999978e-05
6.100000000000000000e+01 2.024131225000000067e-05
6.110000000000000142e+01 2.006570855999999887e-05
6.120000000000000284e+01 1.989133784000000050e-05
6.129999999999999716e+01 1.971819279000000153e-05
6.139999999999999858e+01 1.954626684000000206e-05
6.150000000000000000e+01 1.937555269000000143e-05
6.160000000000000142e+01 1.920604340500000107e-05
6.170000000000000284e+01 1.903773205000000240e-05
6.179999999999999716e+01 1.887061132500000138e-05
6.189999999999999858e+01 1.870467502500000018e-05
6.200000000000000000e+01 1.853991585000000153e-05
6.210000000000000142e+01 1.837632686499999669e-05
6.220000000000000284e+01 1.821390149999999931e-05
6.229999999999999716e+01 1.805263318499999932e-05
6.239999999999999858e+01 1.789251461999999946e-05
6.250000000000000000e+01 1.773376115499999847e-05
6.260000000000000142e+01 1.757620671500000197e-05
6.270000000000000284e+01 1.741977756999999938e-05
6.279999999999999716e+01 1.726446714999999756e-05
6.289999999999999858e+01 1.711026925000000206e-05
6.300000000000000000e+01 1.695717693500000076e-05
6.310000000000000142e+01 1.680518399999999919e-05
6.320000000000000284e+01 1.665428423999999952e-05
6.329999999999999716e+01 1.650447108499999846e-05
6.339999999999999858e+01 1.635573796499999950e-05
6.350000000000000000e+01 1.620807904000000008e-05
6.360000000000000142e+01 1.606148737500000162e-05
6.370000000000000284e+01 1.591595749500000024e-05
6.379999999999999716e+01 1.577148246499999738e-05
6.389999999999999858e+01 1.562805644500000064e-05
6.400000000000000000e+01 1.548567322999999863e-05
6.409999999999999432e+01 1.534432661500000029e-05
6.420000000000000284e+01 1.520401039499999931e-05
6.429999999999999716e+01 1.506471909499999859e-05
6.440000000000000568e+01 1.492644577999999786e-05
6.450000000000000000e+01 1.478929447499999955e-05
6.459999999999999432e+01 1.465326992500000002e-05
6.470000000000000284e+01 1.451824182499999891e-05
6.479999999999999716e+01 1.438420433500000213e-05
6.490000000000000568e+01 1.425115125000000170e-05
6.500000000000000000e+01 1.411907745999999918e-05
6.509999999999999432e+01 1.398797676000000183e-05
6.520000000000000284e+01 1.385784331000000031e-05
6.529999999999999716e+01 1.372867163499999923e-05
6.540000000000000568e+01 1.360045589500000111e-05
6.550000000000000000e+01 1.347319025000000002e-05
6.559999999999999432e+01 1.334686922500000055e-05
6.570000000000000284e+01 1.322148698000000016e-05
6.579999999999999716e+01 1.309703840499999874e-05
6.590000000000000568e+01 1.297351766000000050e-05
6.600000000000000000e+01 1.285091890500000120e-05
6.609999999999999432e+01 1.272923702999999904e-05
6.620000000000000284e+01 1.260846656000000031e-05
6.629999999999999716e+01 1.248860165500000077e-05
6.640000000000000568e+01 1.236963720499999860e-05
6.650000000000000000e+01 1.225156810000000217e-05
6.659999999999999432e+01 1.213454471999999835e-05
6.670000000000000284e+01 1.201843165000000024e-05
6.679999999999999716e+01 1.190319384999999931e-05
6.690000000000000568e+01 1.178882657500000090e-05
6.700000000000000000e+01 1.167532434999999775e-05
6.709999999999999432e+01 1.156268206500000160e-05
6.720000000000000284e+01 1.145089460999999879e-05
6.729999999999999716e+01 1.133995650999999900e-05
6.740000000000000568e+01 1.122986301999999910e-05
6.750000000000000000e+01 1.112060903000000066e-05
6.759999999999999432e+01 1.101218943000000019e-05
6.770000000000000284e+01 1.090459910999999927e-05
6.779999999999999716e+01 1.079783295999999948e-05
6.790000000000000568e+01 1.069188587000000070e-05
6.800000000000000000e+01 1.058675346000000017e-05
6.809999999999999432e+01 1.048242989000000043e-05
6.820000000000000284e+01 1.037891114499999909e-05
6.829999999999999716e+01 1.027619174999999905e-05
6.840000000000000568e+01 1.017426696000000058e-05
6.850000000000000000e+01 1.007313203000000053e-05
6.859999999999999432e+01 9.972781850000000486e-06
6.870000000000000284e+01 9.873343439999999164e-06
6.879999999999999716e+01 9.774692700000000821e-06
6.890000000000000568e+01 9.676809920000000663e-06
6.900000000000000000e+01 9.579690354999998946e-06
6.909999999999999432e+01 9.483329625000001383e-06
6.920000000000000284e+01 9.387722254999999018e-06
6.929999999999999716e+01 9.292864594999999999e-06
6.940000000000000568e+01 9.198751535000000823e-06
6.950000000000000000e+01 9.105378330000000054e-06
6.959999999999999432e+01 9.012740965000000387e-06
6.970000000000000284e+01 8.920834330000000013e-06
6.979999999999999716e+01 8.829654409999999933e-06
6.990000000000000568e+01 8.739196824999999081e-06
7.000000000000000000e+01 8.649456464999999037e-06
7.009999999999999432e+01 8.560429315000000802e-06
7.020000000000000284e+01 8.472110630000001245e-06
7.029999999999999716e+01 8.384496760000001737e-06
7.040000000000000568e+01 8.297582594999998776e-06
7.050000000000000000e+01 8.211364120000000139e-06
7.059999999999999432e+01 8.125836954999999677e-06
7.070000000000000284e+01 8.040996719999999714e-06
7.079999999999999716e+01 7.956910939999999451e-06
7.090000000000000568e+01 7.873544574999998834e-06
7.100000000000000000e+01 7.790850175000000441e-06
7.109999999999999432e+01 7.708823725000000189e-06
7.120000000000000284e+01 7.627460845000000401e-06
7.129999999999999716e+01 7.546757154999999164e-06
7.140000000000000568e+01 7.466709005000000390e-06
7.150000000000000000e+01 7.387312380000000844e-06
7.159999999999999432e+01 7.308562534999999090e-06
7.170000000000000284e+01 7.230456184999999410e-06
7.179999999999999716e+01 7.152988585000000369e-06
7.190000000000000568e+01 7.076156084999999949e-06
7.200000000000000000e+01 6.999954669999999150e-06
7.209999999999999432e+01 6.924380689999999343e-06
7.220000000000000284e+01 6.849429399999999938e-06
7.229999999999999716e+01 6.775097514999999289e-06
7.240000000000000568e+01 6.701381020000000091e-06
7.250000000000000000e+01 6.628275534999999584e-06
7.259999999999999432e+01 6.555777775000001204e-06
7.270000000000000284e+01 6.483883725000000022e-06
7.279999999999999716e+01 6.412589734999999949e-06
7.290000000000000568e+01 6.341893614999999607e-06
7.300000000000000000e+01 6.271875299999999802e-06
7.309999999999999432e+01 6.202443539999999234e-06
7.320000000000000284e+01 6.133595049999999645e-06
7.329999999999999716e+01 6.065325084999999598e-06
7.340000000000000568e+01 5.997631089999999036e-06
7.350000000000000000e+01 5.930508684999999436e-06
7.359999999999999432e+01 5.863954220000000474e-06
7.370000000000000284e+01 5.797964409999999657e-06
7.379999999999999716e+01 5.732535605000000051e-06
7.390000000000000568e+01 5.667664155000001331e-06
7.400000000000000000e+01 5.603346409999999787e-06
7.409999999999999432e+01 5.539578720000000178e-06
7.420000000000000284e+01 5.476357434999999640e-06
7.429999999999999716e+01 5.413679635000000285e-06
7.440000000000000568e+01 5.351541305000000573e-06
7.450000000000000000e+01 5.289938794999999334e-06
7.459999999999999432e+01 5.228869184999999528e-06
7.470000000000000284e+01 5.168328824999999984e-06
7.479999999999999716e+01 5.108314064999999533e-06
7.490000000000000568e+01 5.048821984999999440e-06
7.500000000000000000e+01 4.989848569999999859e-06
7.509999999999999432e+01 4.931397834999999790e-06
7.520000000000000284e+01 4.873518325000000310e-06
7.529999999999999716e+01 4.816146530000000373e-06
7.540000000000000568e+01 4.759278435000000131e-06
7.550000000000000000e+01 4.702911485000000374e-06
7.559999999999999432e+01 4.647041664999999561e-06
7.570000000000000284e+01 4.591666420000000177e-06
7.579999999999999716e+01 4.536782100000000204e-06
7.590000000000000568e+01 4.482385785000000061e-06
7.600000000000000000e+01 4.428474190000000643e-06
7.609999999999999432e+01 4.375043664999999934e-06
7.620000000000000284e+01 4.322091654999999570e-06
7.629999999999999716e+01 4.269614875000000447e-06
7.640000000000000568e+01 4.217610040000000071e-06
7.650000000000000000e+01 4.166074229999999709e-06
7.659999999999999432e+01 4.115003794999999885e-06
7.670000000000000284e+01 4.064396545000000065e-06
7.679999999999999716e+01 4.014248829999999928e-06
7.690000000000000568e+01 3.964557364999999520e-06
7.700000000000000000e+01 3.915319960000000004e-06
7.709999999999999432e+01 3.866532965000000208e-06
7.720000000000000284e+01 3.818193460000000553e-06
7.729999999999999716e+01 3.770298524999999764e-06
7.740000000000000568e+01 3.722886849999999485e-06
7.750000000000000000e+01 3.675920109999999714e-06
7.759999999999999432e+01 3.629388012000000064e-06
7.770000000000000284e+01 3.583287416999999630e-06
7.779999999999999716e+01 3.537615587499999865e-06
7.790000000000000568e+01 3.492369567000000048e-06
7.800000000000000000e+01 3.447546581500000071e-06
7.809999999999999432e+01 3.403143784000000087e-06
7.820000000000000284e+01 3.359158290999999536e-06
7.829999999999999716e+01 3.315587328500000003e-06
7.840000000000000568e+01 3.272428085999999815e-06
7.850000000000000000e+01 3.229677789499999710e-06
7.859999999999999432e+01 3.187333665000000001e-06
7.870000000000000284e+01 3.145392938500000154e-06
7.879999999999999716e+01 3.103852945500000087e-06
7.890000000000000568e+01 3.062710875500000245e-06
7.900000000000000000e+01 3.021964100499999988e-06
7.909999999999999432e+01 2.981609882999999498e-06
7.920000000000000284e+01 2.941645558499999962e-06
7.929999999999999716e+01 2.902068426000000159e-06
7.940000000000000568e+01 2.862875894000000164e-06
7.950000000000000000e+01 2.824065298000000316e-06
7.959999999999999432e+01 2.785644083999999887e-06
7.970000000000000284e+01 2.747624589000000324e-06
7.979999999999999716e+01 2.709978233500000181e-06
7.990000000000000568e+01 2.672702535499999983e-06
8.000000000000000000e+01 2.635794903499999807e-06
8.009999999999999432e+01 2.599252782500000020e-06
8.020000000000000284e+01 2.563073727000000167e-06
8.029999999999999716e+01 2.527255145500000324e-06
8.040000000000000568e+01 2.491794555999999746e-06
8.050000000000000000e+01 2.456689512999999673e-06
8.059999999999999432e+01 2.421937571000000077e-06
8.070000000000000284e+01 2.387536175000000051e-06
8.079999999999999716e+01 2.353482989000000018e-06
8.090000000000000568e+01 2.319775531000000078e-06
8.100000000000000000e+01 2.286411391999999647e-06
8.109999999999999432e+01 2.253388162999999831e-06
8.120000000000000284e+01 2.220703508000000205e-06
8.129999999999999716e+01 2.188354981499999890e-06
8.140000000000000568e+01 2.156340284000000022e-06
8.150000000000000000e+01 2.124657042999999883e-06
8.159999999999999432e+01 2.093302886000000024e-06
8.170000000000000284e+01 2.062275550000000178e-06
8.179999999999999716e+01 2.031572698999999917e-06
8.190000000000000568e+01 2.001201632999999888e-06
8.200000000000000000e+01 1.971165272000000096e-06
8.209999999999999432e+01 1.941445804000000301e-06
8.220000000000000284e+01 1.912041038999999971e-06
8.229999999999999716e+01 1.882948677500000030e-06
8.240000000000000568e+01 1.854166529499999732e-06
8.250000000000000000e+01 1.825692405000000027e-06
8.259999999999999432e+01 1.797524077499999880e-06
8.270000000000000284e+01 1.769659357000000029e-06
8.279999999999999716e+01 1.742096090000000020e-06
8.290000000000000568e+01 1.714832122999999823e-06
8.300000000000000000e+01 1.687865265999999966e-06
8.309999999999999432e+01 1.661193401999999861e-06
8.320000000000000284e+01 1.634814413999999983e-06
8.329999999999999716e+01 1.608726184999999958e-06
8.340000000000000568e+01 1.582926634500000127e-06
8.350000000000000000e+01 1.557413609000000248e-06
8.359999999999999432e+01 1.532185100999999974e-06
8.370000000000000284e+01 1.507239030000000282e-06
8.379999999999999716e+01 1.482573279000000162e-06
8.390000000000000568e+01 1.458185876999999983e-06
8.400000000000000000e+01 1.434074743500000084e-06
8.409999999999999432e+01 1.410237907499999987e-06
8.420000000000000284e+01 1.386676099000000010e-06
8.429999999999999716e+01 1.363398224000000062e-06
8.440000000000000568e+01 1.340388076500000011e-06
8.450000000000000000e+01 1.317643685500000014e-06
8.459999999999999432e+01 1.295163152999999961e-06
8.470000000000000284e+01 1.272944471499999930e-06
8.479999999999999716e+01 1.250985706500000156e-06
8.490000000000000568e+01 1.229284996499999973e-06
8.500000000000000000e+01 1.207840370499999962e-06
8.509999999999999432e+01 1.186649967000000094e-06
8.520000000000000284e+01 1.165711851500000179e-06
8.529999999999999716e+01 1.145024199000000057e-06
8.540000000000000568e+01 1.124585111500000042e-06
8.550000000000000000e+01 1.104392727499999893e-06
8.559999999999999432e+01 1.084445185499999793e-06
8.570000000000000284e+01 1.064740696999999872e-06
8.579999999999999716e+01 1.045277437000000179e-06
8.590000000000000568e+01 1.026053544000000050e-06
8.600000000000000000e+01 1.007067229500000039e-06
8.609999999999999432e+01 9.883167050000000631e-07
8.620000000000000284e+01 9.698001820000000401e-07
8.629999999999999716e+01 9.515159084999999677e-07
8.640000000000000568e+01 9.334620959999999754e-07
8.650000000000000000e+01 9.156369925000000608e-07
8.659999999999999432e+01 8.980453795000000455e-07
8.670000000000000284e+01 8.806827310000000288e-07
8.679999999999999716e+01 8.635432070000000020e-07
8.690000000000000568e+01 8.466250919999999358e-07
8.700000000000000000e+01 8.299267070000000927e-07
8.709999999999999432e+01 8.134463364999999140e-07
8.720000000000000284e+01 7.971823379999999533e-07
8.729999999999999716e+01 7.811329959999999697e-07
8.740000000000000568e+01 7.652967410000001461e-07
8.750000000000000000e+01 7.496718210000001624e-07
8.759999999999999432e+01 7.342566664999999897e-07
8.770000000000000284e+01 7.190496350000000755e-07
8.779999999999999716e+01 7.040490840000000203e-07
8.790000000000000568e+01 6.892534440000000071e-07
8.800000000000000000e+01 6.746610724999999539e-07
8.809999999999999432e+01 6.602703999999999379e-07
8.820000000000000284e+01 6.460798570000000361e-07
8.829999999999999716e+01 6.320878375000000344e-07
8.840000000000000568e+01 6.182928084999999834e-07
8.850000000000000000e+01 6.046932370000000395e-07
8.859999999999999432e+01 5.912875169999999888e-07
8.870000000000000284e+01 5.780741154999999876e-07
8.879999999999999716e+01 5.650515724999999279e-07
8.890000000000000568e+01 5.522183184999999927e-07
8.900000000000000000e+01 5.395774560000000542e-07
8.909999999999999432e+01 5.271242034999999730e-07
8.920000000000000284e+01 5.148554949999999562e-07
8.929999999999999716e+01 5.027697975000000544e-07
8.940000000000000568e+01 4.908657240000000010e-07
8.950000000000000000e+01 4.791417415000000582e-07
8.959999999999999432e+01 4.675964630000000123e-07
8.970000000000000284e+01 4.562283920000000463e-07
8.979999999999999716e+01 4.450361049999999198e-07
8.990000000000000568e+01 4.340182150000000014e-07
9.000000000000000000e+01 4.231732620000000242e-07
9.009999999999999432e+01 4.124998589999999860e-07
9.020000000000000284e+01 4.019965824999999642e-07
9.029999999999999716e+01 3.916620819999999833e-07
9.040000000000000568e+01 3.814949705000000411e-07
9.050000000000000000e+01 3.714938245000000031e-07
9.059999999999999432e+01 3.616573336500000448e-07
9.070000000000000284e+01 3.519841036500000211e-07
9.079999999999999716e+01 3.424727986000000306e-07
9.090000000000000568e+01 3.331220679999999920e-07
9.100000000000000000e+01 3.239305869000000063e-07
9.109999999999999432e+01 3.148970267000000505e-07
9.120000000000000284e+01 3.060200660999999797e-07
9.129999999999999716e+01 2.972983947500000221e-07
9.140000000000000568e+01 2.887324835000000277e-07
9.150000000000000000e+01 2.803205767000000281e-07
9.159999999999999432e+01 2.720598930500000352e-07
9.170000000000000284e+01 2.639491623500000046e-07
9.179999999999999716e+01 2.559871216999999821e-07
9.190000000000000568e+01 2.481725045499999949e-07
9.200000000000000000e+01 2.405040662499999698e-07
9.209999999999999432e+01 2.329805584999999736e-07
9.220000000000000284e+01 2.256007512499999543e-07
9.229999999999999716e+01 2.183634071499999813e-07
9.240000000000000568e+01 2.112673144000000160e-07
9.250000000000000000e+01 2.043112539000000087e-07
9.259999999999999432e+01 1.974940211499999842e-07
9.270000000000000284e+01 1.908144189500000042e-07
9.279999999999999716e+01 1.842712500999999981e-07
9.290000000000000568e+01 1.778633356500000144e-07
9.300000000000000000e+01 1.715895003000000408e-07
9.309999999999999432e+01 1.654485651000000199e-07
9.320000000000000284e+01 1.594393766499999977e-07
9.329999999999999716e+01 1.535607779000000014e-07
9.340000000000000568e+01 1.478116154499999977e-07
9.350000000000000000e+01 1.421907505000000272e-07
9.359999999999999432e+01 1.366970515500000087e-07
9.370000000000000284e+01 1.313293907500000122e-07
9.379999999999999716e+01 1.260866840499999855e-07
9.390000000000000568e+01 1.209690555500000031e-07
9.400000000000000000e+01 1.159740159499999977e-07
9.409999999999999432e+01 1.111004666000000021e-07
9.420000000000000284e+01 1.063473234500000040e-07
9.429999999999999716e+01 1.017135024500000045e-07
9.440000000000000568e+01 9.719793049999999396e-08
9.450000000000000000e+01 9.279953084999999735e-08
9.459999999999999432e+01 8.851724864999999186e-08
9.470000000000000284e+01 8.435002540000000240e-08
9.479999999999999716e+01 8.029681354999999033e-08
9.490000000000000568e+01 7.635656920000000173e-08
9.500000000000000000e+01 7.252825575000000064e-08
9.509999999999999432e+01 6.881084755000000671e-08
9.520000000000000284e+01 6.520331530000000780e-08
9.529999999999999716e+01 6.170464795000000505e-08
9.540000000000000568e+01 5.831383444999999959e-08
9.550000000000000000e+01 5.502986740000000448e-08
9.559999999999999432e+01 5.185175400000000102e-08
9.570000000000000284e+01 4.877850145000000361e-08
9.579999999999999716e+01 4.580912060000000547e-08
9.590000000000000568e+01 4.294264055000000648e-08
9.600000000000000000e+01 4.017808310000000252e-08
9.609999999999999432e+01 3.751448099999999876e-08
9.620000000000000284e+01 3.495087685500000013e-08
9.629999999999999716e+01 3.248637933499999761e-08
9.640000000000000568e+01 3.012022887499999749e-08
9.650000000000000000e+01 2.785118374499999815e-08
9.659999999999999432e+01 2.567831064000000245e-08
9.670000000000000284e+01 2.360068282500000092e-08
9.679999999999999716e+01 2.161737903999999868e-08
9.690000000000000568e+01 1.972748349999999884e-08
9.700000000000000000e+01 1.793008772000000190e-08
9.709999999999999432e+01 1.622428723000000361e-08
9.720000000000000284e+01 1.460918449500000048e-08
9.729999999999999716e+01 1.308388745500000034e-08
9.740000000000000568e+01 1.164751025499999879e-08
9.750000000000000000e+01 1.029917178499999969e-08
9.759999999999999432e+01 9.037997139999999683e-09
9.770000000000000284e+01 7.863117254999999906e-09
9.779999999999999716e+01 6.773668539999999533e-09
9.790000000000000568e+01 5.768792879999999068e-09
9.800000000000000000e+01 4.847637635000000344e-09
9.809999999999999432e+01 4.009356004999999779e-09
9.820000000000000284e+01 3.253106446000000079e-09
9.829999999999999716e+01 2.578052998500000117e-09
9.840000000000000568e+01 1.983365214500000165e-09
9.850000000000000000e+01 1.468217901999999756e-09
9.859999999999999432e+01 1.031791417000000099e-09
9.870000000000000284e+01 6.732714079999998744e-10
9.879999999999999716e+01 3.918489254999999866e-10
9.890000000000000568e+01 1.867220608500000208e-10
9.900000000000000000e+01 5.708790530000000258e-11
9.909999999999999432e+01 2.155615211500000153e-12
9.920000000000000284e+01 2.113956885500000217e-11
9.929999999999999716e+01 1.132593102000000009e-10
9.940000000000000568e+01 2.777395376000000065e-10
9.950000000000000000e+01 5.138100620000000559e-10
9.959999999999999432e+01 8.207057849999999923e-10
9.970000000000000284e+01 1.197666689000000058e-09
9.979999999999999716e+01 1.643937771500000021e-09
9.990000000000000568e+01 2.158769103499999802e-09
1.000000000000000000e+02 2.741415683499999301e-09
