Enr	B8	hep	DSN	atm
   1.0e-1	   5.47945205e-03  8.21917808e-06  1.0958904e-07  8.493150684e-09
   2.5000000e-01   3.5867835e-03   6.4505447e-06   7.6526090e-08   8.2071949e-09
   5.0000000e-01   2.0968977e-03   4.8457498e-06   5.4003921e-08   8.0547965e-09
   7.5000000e-01   1.2363625e-03   3.6750982e-06   4.1543567e-08   7.9047416e-09
   1.0000000e+00   7.2029596e-04   2.7938202e-06   3.3433689e-08   7.7569995e-09
   1.2500000e+00   4.0782897e-04   2.1204646e-06   2.7675887e-08   7.6115397e-09
   1.5000000e+00   2.2210774e-04   1.6016216e-06   2.3363661e-08   7.4683323e-09
   1.7500000e+00   1.1509599e-04   1.2008508e-06   2.0014774e-08   7.3273476e-09
   2.0000000e+00   5.5634647e-05   8.9223430e-07   1.7343878e-08   7.1885563e-09
   2.2500000e+00   2.4229010e-05   6.5540501e-07   1.5170496e-08   7.0519294e-09
   2.5000000e+00   9.1909535e-06   4.7474718e-07   1.3373261e-08   6.9174383e-09
   2.7500000e+00   2.9255001e-06   3.3812089e-07   1.1866919e-08   6.7850624e-09
   3.0000000e+00   7.6908837e-07   2.3593464e-07   1.0589800e-08   6.6554367e-09
   3.2500000e+00   1.5858270e-07   1.6064181e-07   9.4962545e-09   6.5294636e-09
   3.5000000e+00   2.6022761e-08   1.0612844e-07   8.5520495e-09   6.4069689e-09
   3.7500000e+00   3.2820287e-09   6.7524563e-08   7.7309668e-09   6.2877448e-09
   4.0000000e+00   2.7584684e-10   4.0998182e-08   7.0124923e-09   6.1716100e-09
   4.2500000e+00   6.0918315e-12   2.3496813e-08   6.3803626e-09   6.0584060e-09
   4.5000000e+00   7.9299880e-15   1.2549811e-08   5.8213956e-09   5.9479921e-09
   4.7500000e+00   2.9505847e-18   6.1062384e-09   5.3249187e-09   5.8402433e-09
   5.0000000e+00   0.0000000e+00   2.5591294e-09   4.8821504e-09   5.7350458e-09
   5.2500000e+00   0.0000000e+00   8.2693244e-10   4.4858080e-09   5.6322948e-09
   5.5000000e+00   0.0000000e+00   1.6416163e-10   4.1298415e-09   5.5318937e-09
   5.7500000e+00   0.0000000e+00   8.5446756e-12   3.8091318e-09   5.4337517e-09
   6.0000000e+00   0.0000000e+00   2.0940354e-14   3.5193943e-09   5.3377854e-09
   6.2500000e+00   0.0000000e+00   1.1869352e-17   3.2569652e-09   5.2439166e-09
   6.5000000e+00   0.0000000e+00   0.0000000e+00   3.0186747e-09   5.1520704e-09
   6.7500000e+00   0.0000000e+00   0.0000000e+00   2.8018539e-09   5.0621788e-09
   7.0000000e+00   0.0000000e+00   0.0000000e+00   2.6041458e-09   4.9741760e-09
   7.2500000e+00   0.0000000e+00   0.0000000e+00   2.4235233e-09   4.8880009e-09
   7.5000000e+00   0.0000000e+00   0.0000000e+00   2.2581903e-09   4.8035945e-09
   7.7500000e+00   0.0000000e+00   0.0000000e+00   2.1065970e-09   4.7209021e-09
   8.0000000e+00   0.0000000e+00   0.0000000e+00   1.9673559e-09   4.6398707e-09
   8.2500000e+00   0.0000000e+00   0.0000000e+00   1.8392572e-09   4.5604508e-09
   8.5000000e+00   0.0000000e+00   0.0000000e+00   1.7212224e-09   4.4825951e-09
   8.7500000e+00   0.0000000e+00   0.0000000e+00   1.6122929e-09   4.4062584e-09
   9.0000000e+00   0.0000000e+00   0.0000000e+00   1.5116223e-09   4.3313981e-09
   9.2500000e+00   0.0000000e+00   0.0000000e+00   1.4184664e-09   4.2579739e-09
   9.5000000e+00   0.0000000e+00   0.0000000e+00   1.3321437e-09   4.1859466e-09
   9.7500000e+00   0.0000000e+00   0.0000000e+00   1.2520523e-09   4.1152790e-09
   1.0000000e+01   0.0000000e+00   0.0000000e+00   1.1776654e-09   4.0459366e-09
   1.0250000e+01   0.0000000e+00   0.0000000e+00   1.1084944e-09   3.9778852e-09
   1.0500000e+01   0.0000000e+00   0.0000000e+00   1.0441066e-09   3.9110928e-09
   1.0750000e+01   0.0000000e+00   0.0000000e+00   9.8411292e-10   3.8455286e-09
   1.1000000e+01   0.0000000e+00   0.0000000e+00   9.2816124e-10   3.7811634e-09
   1.1250000e+01   0.0000000e+00   0.0000000e+00   8.7592478e-10   3.7179685e-09
   1.1500000e+01   0.0000000e+00   0.0000000e+00   8.2711743e-10   3.6559173e-09
   1.1750000e+01   0.0000000e+00   0.0000000e+00   7.8147740e-10   3.5949843e-09
   1.2000000e+01   0.0000000e+00   0.0000000e+00   7.3876087e-10   3.5351444e-09
   1.2250000e+01   0.0000000e+00   0.0000000e+00   6.9874697e-10   3.4763737e-09
   1.2500000e+01   0.0000000e+00   0.0000000e+00   6.6124154e-10   3.4186498e-09
   1.2750000e+01   0.0000000e+00   0.0000000e+00   6.2605719e-10   3.3619498e-09
   1.3000000e+01   0.0000000e+00   0.0000000e+00   5.9302578e-10   3.3062518e-09
   1.3250000e+01   0.0000000e+00   0.0000000e+00   5.6199535e-10   3.2515348e-09
   1.3500000e+01   0.0000000e+00   0.0000000e+00   5.3282699e-10   3.1977782e-09
   1.3750000e+01   0.0000000e+00   0.0000000e+00   5.0539062e-10   3.1449615e-09
   1.4000000e+01   0.0000000e+00   0.0000000e+00   4.7956771e-10   3.0930649e-09
   1.4250000e+01   0.0000000e+00   0.0000000e+00   4.5524940e-10   3.0420690e-09
   1.4500000e+01   0.0000000e+00   0.0000000e+00   4.3233338e-10   2.9919545e-09
   1.4750000e+01   0.0000000e+00   0.0000000e+00   4.1072589e-10   2.9427026e-09
   1.5000000e+01   0.0000000e+00   0.0000000e+00   3.9034261e-10   2.8942956e-09
   1.5250000e+01   0.0000000e+00   0.0000000e+00   3.7110611e-10   2.8467163e-09
   1.5500000e+01   0.0000000e+00   0.0000000e+00   3.5293994e-10   2.7999470e-09
   1.5750000e+01   0.0000000e+00   0.0000000e+00   3.3577531e-10   2.7539710e-09
   1.6000000e+01   0.0000000e+00   0.0000000e+00   3.1955305e-10   2.7087729e-09
   1.6250000e+01   0.0000000e+00   0.0000000e+00   3.0420833e-10   2.6643359e-09
   1.6500000e+01   0.0000000e+00   0.0000000e+00   2.8969213e-10   2.6206460e-09
   1.6750000e+01   0.0000000e+00   0.0000000e+00   2.7594824e-10   2.5776871e-09
   1.7000000e+01   0.0000000e+00   0.0000000e+00   2.6293450e-10   2.5354461e-09
   1.7250000e+01   0.0000000e+00   0.0000000e+00   2.5060224e-10   2.4939078e-09
   1.7500000e+01   0.0000000e+00   0.0000000e+00   2.3891365e-10   2.4530594e-09
   1.7750000e+01   0.0000000e+00   0.0000000e+00   2.2783034e-10   2.4128876e-09
   1.8000000e+01   0.0000000e+00   0.0000000e+00   2.1731455e-10   2.3733789e-09
   1.8250000e+01   0.0000000e+00   0.0000000e+00   2.0733406e-10   2.3345210e-09
   1.8500000e+01   0.0000000e+00   0.0000000e+00   1.9785990e-10   2.2963021e-09
   1.8750000e+01   0.0000000e+00   0.0000000e+00   1.8886124e-10   2.2587099e-09
   1.9000000e+01   0.0000000e+00   0.0000000e+00   1.8031178e-10   2.2217329e-09
   1.9250000e+01   0.0000000e+00   0.0000000e+00   1.7218551e-10   2.1853594e-09
   1.9500000e+01   0.0000000e+00   0.0000000e+00   1.6445949e-10   2.1495786e-09
   1.9750000e+01   0.0000000e+00   0.0000000e+00   1.5711168e-10   2.1143798e-09
   2.0000000e+01   0.0000000e+00   0.0000000e+00   1.5012179e-10   2.0797524e-09
   2.0250000e+01   0.0000000e+00   0.0000000e+00   1.4347031e-10   2.0456863e-09
   2.0500000e+01   0.0000000e+00   0.0000000e+00   1.3713904e-10   2.0121712e-09
   2.0750000e+01   0.0000000e+00   0.0000000e+00   1.3111097e-10   1.9791974e-09
   2.1000000e+01   0.0000000e+00   0.0000000e+00   1.2537017e-10   1.9467553e-09
   2.1250000e+01   0.0000000e+00   0.0000000e+00   1.1990175e-10   1.9148356e-09
   2.1500000e+01   0.0000000e+00   0.0000000e+00   1.1469120e-10   1.8834291e-09
   2.1750000e+01   0.0000000e+00   0.0000000e+00   1.0972529e-10   1.8525267e-09
   2.2000000e+01   0.0000000e+00   0.0000000e+00   1.0499119e-10   1.8221195e-09
   2.2250000e+01   0.0000000e+00   0.0000000e+00   1.0047760e-10   1.7921992e-09
   2.2500000e+01   0.0000000e+00   0.0000000e+00   9.6172689e-11   1.7627573e-09
   2.2750000e+01   0.0000000e+00   0.0000000e+00   9.2066739e-11   1.7337856e-09
   2.3000000e+01   0.0000000e+00   0.0000000e+00   8.8150040e-11   1.7052764e-09
   2.3250000e+01   0.0000000e+00   0.0000000e+00   8.4411990e-11   1.6772212e-09
   2.3500000e+01   0.0000000e+00   0.0000000e+00   8.0844037e-11   1.6496125e-09
   2.3750000e+01   0.0000000e+00   0.0000000e+00   7.7438089e-11   1.6224428e-09
   2.4000000e+01   0.0000000e+00   0.0000000e+00   7.4186742e-11   1.5957051e-09
   2.4250000e+01   0.0000000e+00   0.0000000e+00   7.1081148e-11   1.5693914e-09
   2.4500000e+01   0.0000000e+00   0.0000000e+00   6.8114452e-11   1.5434947e-09
   2.4750000e+01   0.0000000e+00   0.0000000e+00   6.5281131e-11   1.5180088e-09
   2.5000000e+01   0.0000000e+00   0.0000000e+00   6.2573279e-11   1.4929260e-09
   2.5250000e+01   0.0000000e+00   0.0000000e+00   5.9985225e-11   1.4682398e-09
   2.5500000e+01   0.0000000e+00   0.0000000e+00   5.7512069e-11   1.4439442e-09
   2.5750000e+01   0.0000000e+00   0.0000000e+00   5.5146940e-11   1.4200318e-09
   2.6000000e+01   0.0000000e+00   0.0000000e+00   5.2886062e-11   1.3964973e-09
   2.6250000e+01   0.0000000e+00   0.0000000e+00   5.0723322e-11   1.3733336e-09
   2.6500000e+01   0.0000000e+00   0.0000000e+00   4.8654926e-11   1.3505353e-09
   2.6750000e+01   0.0000000e+00   0.0000000e+00   4.6675988e-11   1.3280960e-09
   2.7000000e+01   0.0000000e+00   0.0000000e+00   4.4782299e-11   1.3060100e-09
   2.7250000e+01   0.0000000e+00   0.0000000e+00   4.2970141e-11   1.2842717e-09
   2.7500000e+01   0.0000000e+00   0.0000000e+00   4.1235465e-11   1.2628752e-09
   2.7750000e+01   0.0000000e+00   0.0000000e+00   3.9574801e-11   1.2418152e-09
   2.8000000e+01   0.0000000e+00   0.0000000e+00   3.7984770e-11   1.2210862e-09
   2.8250000e+01   0.0000000e+00   0.0000000e+00   3.6461874e-11   1.2006826e-09
   2.8500000e+01   0.0000000e+00   0.0000000e+00   3.5003628e-11   1.1805999e-09
   2.8750000e+01   0.0000000e+00   0.0000000e+00   3.3606206e-11   1.1608320e-09
   2.9000000e+01   0.0000000e+00   0.0000000e+00   3.2267817e-11   1.1413747e-09
   2.9250000e+01   0.0000000e+00   0.0000000e+00   3.0985048e-11   1.1222226e-09
   2.9500000e+01   0.0000000e+00   0.0000000e+00   2.9755774e-11   1.1033709e-09
   2.9750000e+01   0.0000000e+00   0.0000000e+00   2.8577657e-11   1.0848151e-09
   3.0000000e+01   0.0000000e+00   0.0000000e+00   2.7447865e-11   1.0665499e-09
   3.0250000e+01   0.0000000e+00   0.0000000e+00   2.6365120e-11   1.0485716e-09
   3.0500000e+01   0.0000000e+00   0.0000000e+00   2.5326714e-11   1.0308749e-09
   3.0750000e+01   0.0000000e+00   0.0000000e+00   2.4330656e-11   1.0134554e-09
   3.1000000e+01   0.0000000e+00   0.0000000e+00   2.3375715e-11   9.9630942e-10
   3.1250000e+01   0.0000000e+00   0.0000000e+00   2.2459542e-11   9.7943204e-10
   3.1500000e+01   0.0000000e+00   0.0000000e+00   2.1580414e-11   9.6281898e-10
   3.1750000e+01   0.0000000e+00   0.0000000e+00   2.0737161e-11   9.4646658e-10
   3.2000000e+01   0.0000000e+00   0.0000000e+00   1.9928079e-11   9.3037060e-10
   3.2250000e+01   0.0000000e+00   0.0000000e+00   1.9151550e-11   9.1452686e-10
   3.2500000e+01   0.0000000e+00   0.0000000e+00   1.8406156e-11   8.9893138e-10
   3.2750000e+01   0.0000000e+00   0.0000000e+00   1.7690940e-11   8.8358072e-10
   3.3000000e+01   0.0000000e+00   0.0000000e+00   1.7004361e-11   8.6847078e-10
   3.3250000e+01   0.0000000e+00   0.0000000e+00   1.6345193e-11   8.5359780e-10
   3.3500000e+01   0.0000000e+00   0.0000000e+00   1.5712226e-11   8.3895802e-10
   3.3750000e+01   0.0000000e+00   0.0000000e+00   1.5104628e-11   8.2454816e-10
   3.4000000e+01   0.0000000e+00   0.0000000e+00   1.4521254e-11   8.1036456e-10
   3.4250000e+01   0.0000000e+00   0.0000000e+00   1.3961012e-11   7.9640363e-10
   3.4500000e+01   0.0000000e+00   0.0000000e+00   1.3422882e-11   7.8266185e-10
   3.4750000e+01   0.0000000e+00   0.0000000e+00   1.2906000e-11   7.6913590e-10
   3.5000000e+01   0.0000000e+00   0.0000000e+00   1.2409612e-11   7.5582263e-10
   3.5250000e+01   0.0000000e+00   0.0000000e+00   1.1932849e-11   7.4271874e-10
   3.5500000e+01   0.0000000e+00   0.0000000e+00   1.1474854e-11   7.2982095e-10
   3.5750000e+01   0.0000000e+00   0.0000000e+00   1.1034863e-11   7.1712612e-10
   3.6000000e+01   0.0000000e+00   0.0000000e+00   1.0612102e-11   7.0463107e-10
   3.6250000e+01   0.0000000e+00   0.0000000e+00   1.0205907e-11   6.9233281e-10
   3.6500000e+01   0.0000000e+00   0.0000000e+00   9.8155646e-12   6.8022827e-10
   3.6750000e+01   0.0000000e+00   0.0000000e+00   9.4405279e-12   6.6831465e-10
   3.7000000e+01   0.0000000e+00   0.0000000e+00   9.0801689e-12   6.5658902e-10
   3.7250000e+01   0.0000000e+00   0.0000000e+00   8.7338528e-12   6.4504847e-10
   3.7500000e+01   0.0000000e+00   0.0000000e+00   8.4010539e-12   6.3369025e-10
   3.7750000e+01   0.0000000e+00   0.0000000e+00   8.0811346e-12   6.2251145e-10
   3.8000000e+01   0.0000000e+00   0.0000000e+00   7.7736580e-12   6.1150948e-10
   3.8250000e+01   0.0000000e+00   0.0000000e+00   7.4781260e-12   6.0068166e-10
   3.8500000e+01   0.0000000e+00   0.0000000e+00   7.1940307e-12   5.9002531e-10
   3.8750000e+01   0.0000000e+00   0.0000000e+00   6.9209042e-12   5.7953782e-10
   3.9000000e+01   0.0000000e+00   0.0000000e+00   6.6583443e-12   5.6921670e-10
   3.9250000e+01   0.0000000e+00   0.0000000e+00   6.4059191e-12   5.5905943e-10
   3.9500000e+01   0.0000000e+00   0.0000000e+00   6.1632300e-12   5.4906355e-10
   3.9750000e+01   0.0000000e+00   0.0000000e+00   5.9298913e-12   5.3922664e-10
   4.0000000e+01   0.0000000e+00   0.0000000e+00   5.7055257e-12   5.2954628e-10
   4.0250000e+01   0.0000000e+00   0.0000000e+00   5.4897782e-12   5.2002014e-10
   4.0500000e+01   0.0000000e+00   0.0000000e+00   5.2823155e-12   5.1064591e-10
   4.0750000e+01   0.0000000e+00   0.0000000e+00   5.0828101e-12   5.0142131e-10
   4.1000000e+01   0.0000000e+00   0.0000000e+00   4.8909479e-12   4.9234410e-10
   4.1250000e+01   0.0000000e+00   0.0000000e+00   4.7064281e-12   4.8341208e-10
   4.1500000e+01   0.0000000e+00   0.0000000e+00   4.5289621e-12   4.7462307e-10
   4.1750000e+01   0.0000000e+00   0.0000000e+00   4.3582625e-12   4.6597492e-10
   4.2000000e+01   0.0000000e+00   0.0000000e+00   4.1940718e-12   4.5746553e-10
   4.2250000e+01   0.0000000e+00   0.0000000e+00   4.0361362e-12   4.4909283e-10
   4.2500000e+01   0.0000000e+00   0.0000000e+00   3.8842087e-12   4.4085478e-10
   4.2750000e+01   0.0000000e+00   0.0000000e+00   3.7380544e-12   4.3274937e-10
   4.3000000e+01   0.0000000e+00   0.0000000e+00   3.5974522e-12   4.2477463e-10
   4.3250000e+01   0.0000000e+00   0.0000000e+00   3.4621660e-12   4.1692856e-10
   4.3500000e+01   0.0000000e+00   0.0000000e+00   3.3319971e-12   4.0920926e-10
   4.3750000e+01   0.0000000e+00   0.0000000e+00   3.2067586e-12   4.0161488e-10
   4.4000000e+01   0.0000000e+00   0.0000000e+00   3.0862601e-12   3.9414354e-10
   4.4250000e+01   0.0000000e+00   0.0000000e+00   2.9702895e-12   3.8679337e-10
   4.4500000e+01   0.0000000e+00   0.0000000e+00   2.8586915e-12   3.7956258e-10
   4.4750000e+01   0.0000000e+00   0.0000000e+00   2.7513016e-12   3.7244942e-10
   4.5000000e+01   0.0000000e+00   0.0000000e+00   2.6479509e-12   3.6545211e-10
   4.5250000e+01   0.0000000e+00   0.0000000e+00   2.5484951e-12   3.5856896e-10
   4.5500000e+01   0.0000000e+00   0.0000000e+00   2.4527816e-12   3.5179827e-10
   4.5750000e+01   0.0000000e+00   0.0000000e+00   2.3606433e-12   3.4513828e-10
   4.6000000e+01   0.0000000e+00   0.0000000e+00   2.2719635e-12   3.3858742e-10
   4.6250000e+01   0.0000000e+00   0.0000000e+00   2.1865769e-12   3.3214395e-10
   4.6500000e+01   0.0000000e+00   0.0000000e+00   2.1044008e-12   3.2580641e-10
   4.6750000e+01   0.0000000e+00   0.0000000e+00   2.0252741e-12   3.1957310e-10
   4.7000000e+01   0.0000000e+00   0.0000000e+00   1.9491099e-12   3.1344256e-10
   4.7250000e+01   0.0000000e+00   0.0000000e+00   1.8757913e-12   3.0741324e-10
   4.7500000e+01   0.0000000e+00   0.0000000e+00   1.8052222e-12   3.0148366e-10
   4.7750000e+01   0.0000000e+00   0.0000000e+00   1.7372680e-12   2.9565225e-10
   4.8000000e+01   0.0000000e+00   0.0000000e+00   1.6718372e-12   2.8991757e-10
   4.8250000e+01   0.0000000e+00   0.0000000e+00   1.6088400e-12   2.8427818e-10
   4.8500000e+01   0.0000000e+00   0.0000000e+00   1.5481718e-12   2.7873263e-10
   4.8750000e+01   0.0000000e+00   0.0000000e+00   1.4897633e-12   2.7327958e-10
   4.9000000e+01   0.0000000e+00   0.0000000e+00   1.4335371e-12   2.6791767e-10
   4.9250000e+01   0.0000000e+00   0.0000000e+00   1.3793976e-12   2.6264549e-10
   4.9500000e+01   0.0000000e+00   0.0000000e+00   1.3272587e-12   2.5746167e-10
   4.9750000e+01   0.0000000e+00   0.0000000e+00   1.2770521e-12   2.5236491e-10
   5.0000000e+01   0.0000000e+00   0.0000000e+00   1.2286937e-12   2.4735389e-10
   5.0250000e+01   0.0000000e+00   0.0000000e+00   1.1821362e-12   2.4242738e-10
   5.0500000e+01   0.0000000e+00   0.0000000e+00   1.1373189e-12   2.3758414e-10
   5.0750000e+01   0.0000000e+00   0.0000000e+00   1.0941579e-12   2.3282286e-10
   5.1000000e+01   0.0000000e+00   0.0000000e+00   1.0525811e-12   2.2814227e-10
   5.1250000e+01   0.0000000e+00   0.0000000e+00   1.0125427e-12   2.2354121e-10
   5.1500000e+01   0.0000000e+00   0.0000000e+00   9.7399186e-13   2.1901852e-10
   5.1750000e+01   0.0000000e+00   0.0000000e+00   9.3688223e-13   2.1457304e-10
   5.2000000e+01   0.0000000e+00   0.0000000e+00   9.0114059e-13   2.1020354e-10
   5.2250000e+01   0.0000000e+00   0.0000000e+00   8.6671863e-13   2.0590890e-10
   5.2500000e+01   0.0000000e+00   0.0000000e+00   8.3356161e-13   2.0168796e-10
   5.2750000e+01   0.0000000e+00   0.0000000e+00   8.0164693e-13   1.9753971e-10
   5.3000000e+01   0.0000000e+00   0.0000000e+00   7.7091840e-13   1.9346301e-10
   5.3250000e+01   0.0000000e+00   0.0000000e+00   7.4131969e-13   1.8945674e-10
   5.3500000e+01   0.0000000e+00   0.0000000e+00   7.1281385e-13   1.8551985e-10
   5.3750000e+01   0.0000000e+00   0.0000000e+00   6.8536850e-13   1.8165134e-10
   5.4000000e+01   0.0000000e+00   0.0000000e+00   6.5895007e-13   1.7785019e-10
   5.4250000e+01   0.0000000e+00   0.0000000e+00   6.3350242e-13   1.7411531e-10
   5.4500000e+01   0.0000000e+00   0.0000000e+00   6.0899501e-13   1.7044571e-10
   5.4750000e+01   0.0000000e+00   0.0000000e+00   5.8539996e-13   1.6684045e-10
   5.5000000e+01   0.0000000e+00   0.0000000e+00   5.6268948e-13   1.6329857e-10
   5.5250000e+01   0.0000000e+00   0.0000000e+00   5.4081519e-13   1.5981902e-10
   5.5500000e+01   0.0000000e+00   0.0000000e+00   5.1975077e-13   1.5640091e-10
   5.5750000e+01   0.0000000e+00   0.0000000e+00   4.9947572e-13   1.5304332e-10
   5.6000000e+01   0.0000000e+00   0.0000000e+00   4.7996094e-13   1.4974534e-10
   5.6250000e+01   0.0000000e+00   0.0000000e+00   4.6116707e-13   1.4650600e-10
   5.6500000e+01   0.0000000e+00   0.0000000e+00   4.4306840e-13   1.4332442e-10
   5.6750000e+01   0.0000000e+00   0.0000000e+00   4.2565744e-13   1.4019980e-10
   5.7000000e+01   0.0000000e+00   0.0000000e+00   4.0889347e-13   1.3713119e-10
   5.7250000e+01   0.0000000e+00   0.0000000e+00   3.9275302e-13   1.3411775e-10
   5.7500000e+01   0.0000000e+00   0.0000000e+00   3.7721981e-13   1.3115865e-10
   5.7750000e+01   0.0000000e+00   0.0000000e+00   3.6227556e-13   1.2825309e-10
   5.8000000e+01   0.0000000e+00   0.0000000e+00   3.4788693e-13   1.2540018e-10
   5.8250000e+01   0.0000000e+00   0.0000000e+00   3.3403409e-13   1.2259912e-10
   5.8500000e+01   0.0000000e+00   0.0000000e+00   3.2071306e-13   1.1984919e-10
   5.8750000e+01   0.0000000e+00   0.0000000e+00   3.0788957e-13   1.1714953e-10
   5.9000000e+01   0.0000000e+00   0.0000000e+00   2.9554709e-13   1.1449937e-10
   5.9250000e+01   0.0000000e+00   0.0000000e+00   2.8367735e-13   1.1189800e-10
   5.9500000e+01   0.0000000e+00   0.0000000e+00   2.7225462e-13   1.0934462e-10
   5.9750000e+01   0.0000000e+00   0.0000000e+00   2.6126193e-13   1.0683848e-10
   6.0000000e+01   0.0000000e+00   0.0000000e+00   2.5069077e-13   1.0437890e-10
   6.0250000e+01   0.0000000e+00   0.0000000e+00   2.4052157e-13   1.0196512e-10
   6.0500000e+01   0.0000000e+00   0.0000000e+00   2.3073577e-13   9.9596411e-11
   6.0750000e+01   0.0000000e+00   0.0000000e+00   2.2132639e-13   9.7272119e-11
   6.1000000e+01   0.0000000e+00   0.0000000e+00   2.1227820e-13   9.4991541e-11
   6.1250000e+01   0.0000000e+00   0.0000000e+00   2.0357191e-13   9.2753956e-11
   6.1500000e+01   0.0000000e+00   0.0000000e+00   1.9520238e-13   9.0558743e-11
   6.1750000e+01   0.0000000e+00   0.0000000e+00   1.8715566e-13   8.8405226e-11
   6.2000000e+01   0.0000000e+00   0.0000000e+00   1.7941481e-13   8.6292719e-11
   6.2250000e+01   0.0000000e+00   0.0000000e+00   1.7197579e-13   8.4220628e-11
   6.2500000e+01   0.0000000e+00   0.0000000e+00   1.6482372e-13   8.2188290e-11
   6.2750000e+01   0.0000000e+00   0.0000000e+00   1.5794610e-13   8.0195069e-11
   6.3000000e+01   0.0000000e+00   0.0000000e+00   1.5133846e-13   7.8240387e-11
   6.3250000e+01   0.0000000e+00   0.0000000e+00   1.4498658e-13   7.6323602e-11
   6.3500000e+01   0.0000000e+00   0.0000000e+00   1.3887997e-13   7.4444111e-11
   6.3750000e+01   0.0000000e+00   0.0000000e+00   1.3301555e-13   7.2601367e-11
   6.4000000e+01   0.0000000e+00   0.0000000e+00   1.2737922e-13   7.0794744e-11
   6.4250000e+01   0.0000000e+00   0.0000000e+00   1.2196096e-13   6.9023663e-11
   6.4500000e+01   0.0000000e+00   0.0000000e+00   1.1676060e-13   6.7287613e-11
   6.4750000e+01   0.0000000e+00   0.0000000e+00   1.1176143e-13   6.5585970e-11
   6.5000000e+01   0.0000000e+00   0.0000000e+00   1.0696053e-13   6.3918221e-11
   6.5250000e+01   0.0000000e+00   0.0000000e+00   1.0235107e-13   6.2283826e-11
   6.5500000e+01   0.0000000e+00   0.0000000e+00   9.7922144e-14   6.0682220e-11
   6.5750000e+01   0.0000000e+00   0.0000000e+00   9.3671829e-14   5.9112917e-11
   6.6000000e+01   0.0000000e+00   0.0000000e+00   8.9590467e-14   5.7575368e-11
   6.6250000e+01   0.0000000e+00   0.0000000e+00   8.5670112e-14   5.6069053e-11
   6.6500000e+01   0.0000000e+00   0.0000000e+00   8.1910811e-14   5.4593515e-11
   6.6750000e+01   0.0000000e+00   0.0000000e+00   7.8299175e-14   5.3148192e-11
   6.7000000e+01   0.0000000e+00   0.0000000e+00   7.4835173e-14   5.1732644e-11
   6.7250000e+01   0.0000000e+00   0.0000000e+00   7.1510904e-14   5.0346364e-11
   6.7500000e+01   0.0000000e+00   0.0000000e+00   6.8319968e-14   4.8988867e-11
   6.7750000e+01   0.0000000e+00   0.0000000e+00   6.5261596e-14   4.7659721e-11
   6.8000000e+01   0.0000000e+00   0.0000000e+00   6.2325676e-14   4.6358414e-11
   6.8250000e+01   0.0000000e+00   0.0000000e+00   5.9511118e-14   4.5084524e-11
   6.8500000e+01   0.0000000e+00   0.0000000e+00   5.6811926e-14   4.3837587e-11
   6.8750000e+01   0.0000000e+00   0.0000000e+00   5.4222642e-14   4.2617149e-11
   6.9000000e+01   0.0000000e+00   0.0000000e+00   5.1742796e-14   4.1422809e-11
   6.9250000e+01   0.0000000e+00   0.0000000e+00   4.9363428e-14   4.0254087e-11
   6.9500000e+01   0.0000000e+00   0.0000000e+00   4.7084371e-14   3.9110597e-11
   6.9750000e+01   0.0000000e+00   0.0000000e+00   4.4900425e-14   3.7991904e-11
   7.0000000e+01   0.0000000e+00   0.0000000e+00   4.2806606e-14   3.6897584e-11
   7.0250000e+01   0.0000000e+00   0.0000000e+00   4.0802603e-14   3.5827260e-11
   7.0500000e+01   0.0000000e+00   0.0000000e+00   3.8881575e-14   3.4780497e-11
   7.0750000e+01   0.0000000e+00   0.0000000e+00   3.7043238e-14   3.3756930e-11
   7.1000000e+01   0.0000000e+00   0.0000000e+00   3.5282229e-14   3.2756146e-11
   7.1250000e+01   0.0000000e+00   0.0000000e+00   3.3596641e-14   3.1777774e-11
   7.1500000e+01   0.0000000e+00   0.0000000e+00   3.1983349e-14   3.0821431e-11
   7.1750000e+01   0.0000000e+00   0.0000000e+00   3.0438555e-14   2.9886736e-11
   7.2000000e+01   0.0000000e+00   0.0000000e+00   2.8961827e-14   2.8973344e-11
   7.2250000e+01   0.0000000e+00   0.0000000e+00   2.7547870e-14   2.8080864e-11
   7.2500000e+01   0.0000000e+00   0.0000000e+00   2.6196553e-14   2.7208965e-11
   7.2750000e+01   0.0000000e+00   0.0000000e+00   2.4903534e-14   2.6357274e-11
   7.3000000e+01   0.0000000e+00   0.0000000e+00   2.3667714e-14   2.5525459e-11
   7.3250000e+01   0.0000000e+00   0.0000000e+00   2.2486599e-14   2.4713172e-11
   7.3500000e+01   0.0000000e+00   0.0000000e+00   2.1356964e-14   2.3920069e-11
   7.3750000e+01   0.0000000e+00   0.0000000e+00   2.0278442e-14   2.3145833e-11
   7.4000000e+01   0.0000000e+00   0.0000000e+00   1.9247383e-14   2.2390121e-11
   7.4250000e+01   0.0000000e+00   0.0000000e+00   1.8263602e-14   2.1652631e-11
   7.4500000e+01   0.0000000e+00   0.0000000e+00   1.7323334e-14   2.0933021e-11
   7.4750000e+01   0.0000000e+00   0.0000000e+00   1.6426525e-14   2.0231000e-11
   7.5000000e+01   0.0000000e+00   0.0000000e+00   1.5569952e-14   1.9546241e-11
   7.5250000e+01   0.0000000e+00   0.0000000e+00   1.4753083e-14   1.8878455e-11
   7.5500000e+01   0.0000000e+00   0.0000000e+00   1.3973674e-14   1.8227333e-11
   7.5750000e+01   0.0000000e+00   0.0000000e+00   1.3230369e-14   1.7592583e-11
   7.6000000e+01   0.0000000e+00   0.0000000e+00   1.2521931e-14   1.6973917e-11
   7.6250000e+01   0.0000000e+00   0.0000000e+00   1.1846133e-14   1.6371040e-11
   7.6500000e+01   0.0000000e+00   0.0000000e+00   1.1202666e-14   1.5783681e-11
   7.6750000e+01   0.0000000e+00   0.0000000e+00   1.0589199e-14   1.5211550e-11
   7.7000000e+01   0.0000000e+00   0.0000000e+00   1.0005481e-14   1.4654387e-11
   7.7250000e+01   0.0000000e+00   0.0000000e+00   9.4492461e-15   1.4111907e-11
   7.7500000e+01   0.0000000e+00   0.0000000e+00   8.9203479e-15   1.3583859e-11
   7.7750000e+01   0.0000000e+00   0.0000000e+00   8.4166219e-15   1.3069966e-11
   7.8000000e+01   0.0000000e+00   0.0000000e+00   7.9379882e-15   1.2569985e-11
   7.8250000e+01   0.0000000e+00   0.0000000e+00   7.4823994e-15   1.2083646e-11
   7.8500000e+01   0.0000000e+00   0.0000000e+00   7.0497914e-15   1.1610714e-11
   7.8750000e+01   0.0000000e+00   0.0000000e+00   6.6383203e-15   1.1150928e-11
   7.9000000e+01   0.0000000e+00   0.0000000e+00   6.2478173e-15   1.0704057e-11
   7.9250000e+01   0.0000000e+00   0.0000000e+00   5.8767758e-15   1.0269851e-11
   7.9500000e+01   0.0000000e+00   0.0000000e+00   5.5248165e-15   9.8480841e-12
   7.9750000e+01   0.0000000e+00   0.0000000e+00   5.1907265e-15   9.4385159e-12
   8.0000000e+01   0.0000000e+00   0.0000000e+00   4.8740182e-15   9.0409232e-12
   8.0250000e+01   0.0000000e+00   0.0000000e+00   4.5736801e-15   8.6550763e-12
   8.0500000e+01   0.0000000e+00   0.0000000e+00   4.2891717e-15   8.2807568e-12
   8.0750000e+01   0.0000000e+00   0.0000000e+00   4.0196345e-15   7.9177431e-12
   8.1000000e+01   0.0000000e+00   0.0000000e+00   3.7645097e-15   7.5658222e-12
   8.1250000e+01   0.0000000e+00   0.0000000e+00   3.5230520e-15   7.2247800e-12
   8.1500000e+01   0.0000000e+00   0.0000000e+00   3.2947123e-15   6.8944095e-12
   8.1750000e+01   0.0000000e+00   0.0000000e+00   3.0788265e-15   6.5745033e-12
   8.2000000e+01   0.0000000e+00   0.0000000e+00   2.8748756e-15   6.2648603e-12
   8.2250000e+01   0.0000000e+00   0.0000000e+00   2.6822515e-15   5.9652796e-12
   8.2500000e+01   0.0000000e+00   0.0000000e+00   2.5004811e-15   5.6755663e-12
   8.2750000e+01   0.0000000e+00   0.0000000e+00   2.3289917e-15   5.3955253e-12
   8.3000000e+01   0.0000000e+00   0.0000000e+00   2.1673674e-15   5.1249678e-12
   8.3250000e+01   0.0000000e+00   0.0000000e+00   2.0150560e-15   4.8637045e-12
   8.3500000e+01   0.0000000e+00   0.0000000e+00   1.8717050e-15   4.6115528e-12
   8.3750000e+01   0.0000000e+00   0.0000000e+00   1.7367720e-15   4.3683285e-12
   8.4000000e+01   0.0000000e+00   0.0000000e+00   1.6099716e-15   4.1338552e-12
   8.4250000e+01   0.0000000e+00   0.0000000e+00   1.4907600e-15   3.9079536e-12
   8.4500000e+01   0.0000000e+00   0.0000000e+00   1.3789288e-15   3.6904537e-12
   8.4750000e+01   0.0000000e+00   0.0000000e+00   1.2739212e-15   3.4811807e-12
   8.5000000e+01   0.0000000e+00   0.0000000e+00   1.1755864e-15   3.2799705e-12
   8.5250000e+01   0.0000000e+00   0.0000000e+00   1.0834035e-15   3.0866536e-12
   8.5500000e+01   0.0000000e+00   0.0000000e+00   9.9723424e-16   2.9010709e-12
   8.5750000e+01   0.0000000e+00   0.0000000e+00   9.1659911e-16   2.7230583e-12
   8.6000000e+01   0.0000000e+00   0.0000000e+00   8.4137299e-16   2.5524614e-12
   8.6250000e+01   0.0000000e+00   0.0000000e+00   7.7111317e-16   2.3891213e-12
   8.6500000e+01   0.0000000e+00   0.0000000e+00   7.0571043e-16   2.2328884e-12
   8.6750000e+01   0.0000000e+00   0.0000000e+00   6.4475260e-16   2.0836089e-12
   8.7000000e+01   0.0000000e+00   0.0000000e+00   5.8814852e-16   1.9411377e-12
   8.7250000e+01   0.0000000e+00   0.0000000e+00   5.3550671e-16   1.8053256e-12
   8.7500000e+01   0.0000000e+00   0.0000000e+00   4.8673952e-16   1.6760321e-12
   8.7750000e+01   0.0000000e+00   0.0000000e+00   4.4153878e-16   1.5531139e-12
   8.8000000e+01   0.0000000e+00   0.0000000e+00   3.9976447e-16   1.4364333e-12
   8.8250000e+01   0.0000000e+00   0.0000000e+00   3.6118719e-16   1.3258528e-12
   8.8500000e+01   0.0000000e+00   0.0000000e+00   3.2562801e-16   1.2212380e-12
   8.8750000e+01   0.0000000e+00   0.0000000e+00   2.9292520e-16   1.1224568e-12
   8.9000000e+01   0.0000000e+00   0.0000000e+00   2.6287255e-16   1.0293780e-12
   8.9250000e+01   0.0000000e+00   0.0000000e+00   2.3535749e-16   9.4187458e-13
   8.9500000e+01   0.0000000e+00   0.0000000e+00   2.1017427e-16   8.5981916e-13
   8.9750000e+01   0.0000000e+00   0.0000000e+00   1.8723228e-16   7.8308900e-13
   9.0000000e+01   0.0000000e+00   0.0000000e+00   1.6633124e-16   7.1156056e-13
   9.0250000e+01   0.0000000e+00   0.0000000e+00   1.4739814e-16   6.4511520e-13
   9.0500000e+01   0.0000000e+00   0.0000000e+00   1.3024817e-16   5.8363335e-13
   9.0750000e+01   0.0000000e+00   0.0000000e+00   1.1480942e-16   5.2700002e-13
   9.1000000e+01   0.0000000e+00   0.0000000e+00   1.0094015e-16   4.7510024e-13
   9.1250000e+01   0.0000000e+00   0.0000000e+00   8.8542789e-17   4.2782186e-13
   9.1500000e+01   0.0000000e+00   0.0000000e+00   7.7514743e-17   3.8505435e-13
   9.1750000e+01   0.0000000e+00   0.0000000e+00   6.7748379e-17   3.4668871e-13
   9.2000000e+01   0.0000000e+00   0.0000000e+00   5.9167190e-17   3.1261845e-13
   9.2250000e+01   0.0000000e+00   0.0000000e+00   5.1662383e-17   2.8273787e-13
   9.2500000e+01   0.0000000e+00   0.0000000e+00   4.5173445e-17   2.5694417e-13
   9.2750000e+01   0.0000000e+00   0.0000000e+00   3.9597373e-17   2.3513504e-13
   9.3000000e+01   0.0000000e+00   0.0000000e+00   3.4878123e-17   2.1721099e-13
   9.3250000e+01   0.0000000e+00   0.0000000e+00   3.0936559e-17   2.0307354e-13
   9.3500000e+01   0.0000000e+00   0.0000000e+00   2.7707464e-17   1.9262605e-13
   9.3750000e+01   0.0000000e+00   0.0000000e+00   2.5130124e-17   1.8577363e-13
   9.4000000e+01   0.0000000e+00   0.0000000e+00   2.3140761e-17   1.8242273e-13
   9.4250000e+01   0.0000000e+00   0.0000000e+00   2.1688672e-17   1.8248172e-13
   9.4500000e+01   0.0000000e+00   0.0000000e+00   2.0716451e-17   1.8586023e-13
   9.4750000e+01   0.0000000e+00   0.0000000e+00   2.0175479e-17   1.9246955e-13
   9.5000000e+01   0.0000000e+00   0.0000000e+00   2.0022727e-17   2.0222268e-13
   9.5250000e+01   0.0000000e+00   0.0000000e+00   2.0207534e-17   2.1503366e-13
   9.5500000e+01   0.0000000e+00   0.0000000e+00   2.0695831e-17   2.3081857e-13
   9.5750000e+01   0.0000000e+00   0.0000000e+00   2.1445196e-17   2.4949451e-13
   9.6000000e+01   0.0000000e+00   0.0000000e+00   2.2420360e-17   2.7098020e-13
   9.6250000e+01   0.0000000e+00   0.0000000e+00   2.3593489e-17   2.9519600e-13
   9.6500000e+01   0.0000000e+00   0.0000000e+00   2.4920507e-17   3.2206288e-13
   9.6750000e+01   0.0000000e+00   0.0000000e+00   2.6388802e-17   3.5150442e-13
   9.7000000e+01   0.0000000e+00   0.0000000e+00   2.7954095e-17   3.8344414e-13
   9.7250000e+01   0.0000000e+00   0.0000000e+00   2.9604677e-17   4.1780818e-13
   9.7500000e+01   0.0000000e+00   0.0000000e+00   3.1314008e-17   4.5452329e-13
   9.7750000e+01   0.0000000e+00   0.0000000e+00   3.3054379e-17   4.9351743e-13
   9.8000000e+01   0.0000000e+00   0.0000000e+00   3.4824536e-17   5.3472084e-13
   9.8250000e+01   0.0000000e+00   0.0000000e+00   3.6577502e-17   5.7806303e-13
   9.8500000e+01   0.0000000e+00   0.0000000e+00   3.8323686e-17   6.2347716e-13
   9.8750000e+01   0.0000000e+00   0.0000000e+00   4.0029750e-17   6.7089565e-13
   9.9000000e+01   0.0000000e+00   0.0000000e+00   4.1691619e-17   7.2025334e-13
   9.9250000e+01   0.0000000e+00   0.0000000e+00   4.3305582e-17   7.7148623e-13
   9.9500000e+01   0.0000000e+00   0.0000000e+00   4.4833835e-17   8.2452991e-13
   9.9750000e+01   0.0000000e+00   0.0000000e+00   4.6301167e-17   8.7932391e-13
   1.0000000e+02   0.0000000e+00   0.0000000e+00   4.7662561e-17   9.3580566e-13
   1.0025000e+02   0.0000000e+00   0.0000000e+00   4.8937860e-17   9.9391663e-13
   1.0050000e+02   0.0000000e+00   0.0000000e+00   5.0119195e-17   1.0535981e-12
   1.0075000e+02   0.0000000e+00   0.0000000e+00   5.1176182e-17   1.1147913e-12
   1.0100000e+02   0.0000000e+00   0.0000000e+00   5.2143437e-17   1.1774417e-12
   1.0125000e+02   0.0000000e+00   0.0000000e+00   5.2971736e-17   1.2414915e-12
   1.0150000e+02   0.0000000e+00   0.0000000e+00   5.3694559e-17   1.3068882e-12
   1.0175000e+02   0.0000000e+00   0.0000000e+00   5.4302016e-17   1.3735781e-12
   1.0200000e+02   0.0000000e+00   0.0000000e+00   5.4770149e-17   1.4415076e-12
   1.0225000e+02   0.0000000e+00   0.0000000e+00   5.5140032e-17   1.5106275e-12
   1.0250000e+02   0.0000000e+00   0.0000000e+00   5.5359159e-17   1.5808847e-12
   1.0275000e+02   0.0000000e+00   0.0000000e+00   5.5471689e-17   1.6522322e-12
   1.0300000e+02   0.0000000e+00   0.0000000e+00   5.5469005e-17   1.7246211e-12
   1.0325000e+02   0.0000000e+00   0.0000000e+00   5.5325007e-17   1.7980022e-12
   1.0350000e+02   0.0000000e+00   0.0000000e+00   5.5092047e-17   1.8723319e-12
   1.0375000e+02   0.0000000e+00   0.0000000e+00   5.4711362e-17   1.9475610e-12
   1.0400000e+02   0.0000000e+00   0.0000000e+00   5.4236364e-17   2.0236476e-12
   1.0425000e+02   0.0000000e+00   0.0000000e+00   5.3660909e-17   2.1005474e-12
   1.0450000e+02   0.0000000e+00   0.0000000e+00   5.2954876e-17   2.1782155e-12
   1.0475000e+02   0.0000000e+00   0.0000000e+00   5.2177225e-17   2.2566127e-12
   1.0500000e+02   0.0000000e+00   0.0000000e+00   5.1272094e-17   2.3356945e-12
   1.0525000e+02   0.0000000e+00   0.0000000e+00   5.0290743e-17   2.4154229e-12
   1.0550000e+02   0.0000000e+00   0.0000000e+00   4.9235044e-17   2.4957584e-12
   1.0575000e+02   0.0000000e+00   0.0000000e+00   4.8064353e-17   2.5766594e-12
   1.0600000e+02   0.0000000e+00   0.0000000e+00   4.6843276e-17   2.6580912e-12
   1.0625000e+02   0.0000000e+00   0.0000000e+00   4.5539877e-17   2.7400146e-12
   1.0650000e+02   0.0000000e+00   0.0000000e+00   4.4165718e-17   2.8223933e-12
   1.0675000e+02   0.0000000e+00   0.0000000e+00   4.2758243e-17   2.9051937e-12
   1.0700000e+02   0.0000000e+00   0.0000000e+00   4.1257565e-17   2.9883767e-12
   1.0725000e+02   0.0000000e+00   0.0000000e+00   3.9736227e-17   3.0719122e-12
   1.0750000e+02   0.0000000e+00   0.0000000e+00   3.8179543e-17   3.1557655e-12
   1.0775000e+02   0.0000000e+00   0.0000000e+00   3.6560071e-17   3.2399018e-12
   1.0800000e+02   0.0000000e+00   0.0000000e+00   3.4945097e-17   3.3242926e-12
   1.0825000e+02   0.0000000e+00   0.0000000e+00   3.3280035e-17   3.4089030e-12
   1.0850000e+02   0.0000000e+00   0.0000000e+00   3.1611416e-17   3.4937047e-12
   1.0875000e+02   0.0000000e+00   0.0000000e+00   2.9954067e-17   3.5786684e-12
   1.0900000e+02   0.0000000e+00   0.0000000e+00   2.8254245e-17   3.6637606e-12
   1.0925000e+02   0.0000000e+00   0.0000000e+00   2.6590570e-17   3.7489575e-12
   1.0950000e+02   0.0000000e+00   0.0000000e+00   2.4942317e-17   3.8342294e-12
   1.0975000e+02   0.0000000e+00   0.0000000e+00   2.3283562e-17   3.9195464e-12
   1.1000000e+02   0.0000000e+00   0.0000000e+00   2.1683817e-17   4.0048862e-12
   1.1025000e+02   0.0000000e+00   0.0000000e+00   2.0089841e-17   4.0902186e-12
   1.1050000e+02   0.0000000e+00   0.0000000e+00   1.8540548e-17   4.1755200e-12
   1.1075000e+02   0.0000000e+00   0.0000000e+00   1.7063035e-17   4.2607672e-12
   1.1100000e+02   0.0000000e+00   0.0000000e+00   1.5617952e-17   4.3459305e-12
   1.1125000e+02   0.0000000e+00   0.0000000e+00   1.4242704e-17   4.4309918e-12
   1.1150000e+02   0.0000000e+00   0.0000000e+00   1.2900890e-17   4.5159261e-12
   1.1175000e+02   0.0000000e+00   0.0000000e+00   1.1603056e-17   4.6007073e-12
   1.1200000e+02   0.0000000e+00   0.0000000e+00   1.0378535e-17   4.6853186e-12
   1.1225000e+02   0.0000000e+00   0.0000000e+00   9.2092887e-18   4.7697358e-12
   1.1250000e+02   0.0000000e+00   0.0000000e+00   8.1067664e-18   4.8539360e-12
   1.1275000e+02   0.0000000e+00   0.0000000e+00   7.1228260e-18   4.9379037e-12
   1.1300000e+02   0.0000000e+00   0.0000000e+00   6.1490675e-18   5.0216131e-12
   1.1325000e+02   0.0000000e+00   0.0000000e+00   5.2623837e-18   5.1050484e-12
   1.1350000e+02   0.0000000e+00   0.0000000e+00   4.4670920e-18   5.1881918e-12
   1.1375000e+02   0.0000000e+00   0.0000000e+00   3.6951421e-18   5.2710187e-12
   1.1400000e+02   0.0000000e+00   0.0000000e+00   3.0503569e-18   5.3535179e-12
   1.1425000e+02   0.0000000e+00   0.0000000e+00   2.5094776e-18   5.4356696e-12
   1.1450000e+02   0.0000000e+00   0.0000000e+00   2.0441068e-18   5.5174526e-12
   1.1475000e+02   0.0000000e+00   0.0000000e+00   1.6336392e-18   5.5988567e-12
   1.1500000e+02   0.0000000e+00   0.0000000e+00   1.2739788e-18   5.6798631e-12
   1.1525000e+02   0.0000000e+00   0.0000000e+00   1.0133778e-18   5.7604529e-12
   1.1550000e+02   0.0000000e+00   0.0000000e+00   7.7334481e-19   5.8406163e-12
   1.1575000e+02   0.0000000e+00   0.0000000e+00   5.4421935e-19   5.9203356e-12
   1.1600000e+02   0.0000000e+00   0.0000000e+00   3.8268079e-19   5.9995941e-12
   1.1625000e+02   0.0000000e+00   0.0000000e+00   2.3702518e-19   6.0783836e-12
   1.1650000e+02   0.0000000e+00   0.0000000e+00   1.0873990e-19   6.1566847e-12
   1.1675000e+02   0.0000000e+00   0.0000000e+00   4.3834100e-20   6.2344864e-12
   1.1700000e+02   0.0000000e+00   0.0000000e+00   3.1305380e-20   6.3117794e-12
   1.1725000e+02   0.0000000e+00   0.0000000e+00   2.0413306e-20   6.3885433e-12
   1.1750000e+02   0.0000000e+00   0.0000000e+00   1.2959573e-20   6.4647728e-12
   1.1775000e+02   0.0000000e+00   0.0000000e+00   9.6466927e-21   6.5404565e-12
   1.1800000e+02   0.0000000e+00   0.0000000e+00   8.4225651e-21   6.6155755e-12
   1.1825000e+02   0.0000000e+00   0.0000000e+00   7.2355270e-21   6.6901275e-12
   1.1850000e+02   0.0000000e+00   0.0000000e+00   6.1206280e-21   6.7640995e-12
   1.1875000e+02   0.0000000e+00   0.0000000e+00   5.1202615e-21   6.8374756e-12
   1.1900000e+02   0.0000000e+00   0.0000000e+00   4.1735293e-21   6.9102546e-12
   1.1925000e+02   0.0000000e+00   0.0000000e+00   3.3426798e-21   6.9824228e-12
   1.1950000e+02   0.0000000e+00   0.0000000e+00   2.6347623e-21   7.0539668e-12
   1.1975000e+02   0.0000000e+00   0.0000000e+00   2.1069152e-21   7.1248860e-12
   1.2000000e+02   0.0000000e+00   0.0000000e+00   1.6981334e-21   7.1951679e-12
   1.2025000e+02   0.0000000e+00   0.0000000e+00   1.2541950e-21   7.2647996e-12
   1.2050000e+02   0.0000000e+00   0.0000000e+00   8.7425970e-22   7.3337818e-12
   1.2075000e+02   0.0000000e+00   0.0000000e+00   6.0976426e-22   7.4021028e-12
   1.2100000e+02   0.0000000e+00   0.0000000e+00   3.0931164e-22   7.4697506e-12
   1.2125000e+02   0.0000000e+00   0.0000000e+00   9.1717141e-23   7.5367269e-12
   1.2150000e+02   0.0000000e+00   0.0000000e+00   1.9553513e-24   7.6030208e-12
   1.2175000e+02   0.0000000e+00   0.0000000e+00   0.0000000e+00   7.6686210e-12
   1.2200000e+02   0.0000000e+00   0.0000000e+00   0.0000000e+00   7.7335303e-12
   1.2225000e+02   0.0000000e+00   0.0000000e+00   0.0000000e+00   7.7977386e-12
   1.2250000e+02   0.0000000e+00   0.0000000e+00   0.0000000e+00   7.8612352e-12
   1.2275000e+02   0.0000000e+00   0.0000000e+00   0.0000000e+00   7.9240240e-12
   1.2300000e+02   0.0000000e+00   0.0000000e+00   0.0000000e+00   7.9860955e-12
   1.2325000e+02   0.0000000e+00   0.0000000e+00   0.0000000e+00   8.0474398e-12
   1.2350000e+02   0.0000000e+00   0.0000000e+00   0.0000000e+00   8.1080617e-12
   1.2375000e+02   0.0000000e+00   0.0000000e+00   0.0000000e+00   8.1679522e-12
   1.2400000e+02   0.0000000e+00   0.0000000e+00   0.0000000e+00   8.2271022e-12
   1.2425000e+02   0.0000000e+00   0.0000000e+00   0.0000000e+00   8.2855175e-12
   1.2450000e+02   0.0000000e+00   0.0000000e+00   0.0000000e+00   8.3431894e-12
   1.2475000e+02   0.0000000e+00   0.0000000e+00   0.0000000e+00   8.4001096e-12
   1.2500000e+02   0.0000000e+00   0.0000000e+00   0.0000000e+00   8.4562850e-12
   1.2525000e+02   0.0000000e+00   0.0000000e+00   0.0000000e+00   8.5117068e-12
   1.2550000e+02   0.0000000e+00   0.0000000e+00   0.0000000e+00   8.5663679e-12
   1.2575000e+02   0.0000000e+00   0.0000000e+00   0.0000000e+00   8.6202754e-12
   1.2600000e+02   0.0000000e+00   0.0000000e+00   0.0000000e+00   8.6734222e-12
   1.2625000e+02   0.0000000e+00   0.0000000e+00   0.0000000e+00   8.7258005e-12
   1.2650000e+02   0.0000000e+00   0.0000000e+00   0.0000000e+00   8.7774178e-12
   1.2675000e+02   0.0000000e+00   0.0000000e+00   0.0000000e+00   8.8282701e-12
   1.2700000e+02   0.0000000e+00   0.0000000e+00   0.0000000e+00   8.8783474e-12
   1.2725000e+02   0.0000000e+00   0.0000000e+00   0.0000000e+00   8.9276579e-12
   1.2750000e+02   0.0000000e+00   0.0000000e+00   0.0000000e+00   8.9762001e-12
   1.2775000e+02   0.0000000e+00   0.0000000e+00   0.0000000e+00   9.0239642e-12
   1.2800000e+02   0.0000000e+00   0.0000000e+00   0.0000000e+00   9.0709564e-12
   1.2825000e+02   0.0000000e+00   0.0000000e+00   0.0000000e+00   9.1171776e-12
   1.2850000e+02   0.0000000e+00   0.0000000e+00   0.0000000e+00   9.1626214e-12
   1.2875000e+02   0.0000000e+00   0.0000000e+00   0.0000000e+00   9.2072882e-12
   1.2900000e+02   0.0000000e+00   0.0000000e+00   0.0000000e+00   9.2511832e-12
   1.2925000e+02   0.0000000e+00   0.0000000e+00   0.0000000e+00   9.2943018e-12
   1.2950000e+02   0.0000000e+00   0.0000000e+00   0.0000000e+00   9.3366412e-12
   1.2975000e+02   0.0000000e+00   0.0000000e+00   0.0000000e+00   9.3782097e-12
   1.3000000e+02   0.0000000e+00   0.0000000e+00   0.0000000e+00   9.4190032e-12
   1.3025000e+02   0.0000000e+00   0.0000000e+00   0.0000000e+00   9.4590169e-12
   1.3050000e+02   0.0000000e+00   0.0000000e+00   0.0000000e+00   9.4982625e-12
   1.3075000e+02   0.0000000e+00   0.0000000e+00   0.0000000e+00   9.5367344e-12
   1.3100000e+02   0.0000000e+00   0.0000000e+00   0.0000000e+00   9.5744288e-12
   1.3125000e+02   0.0000000e+00   0.0000000e+00   0.0000000e+00   9.6113570e-12
   1.3150000e+02   0.0000000e+00   0.0000000e+00   0.0000000e+00   9.6475171e-12
   1.3175000e+02   0.0000000e+00   0.0000000e+00   0.0000000e+00   9.6829016e-12
   1.3200000e+02   0.0000000e+00   0.0000000e+00   0.0000000e+00   9.7175218e-12
   1.3225000e+02   0.0000000e+00   0.0000000e+00   0.0000000e+00   9.7513793e-12
   1.3250000e+02   0.0000000e+00   0.0000000e+00   0.0000000e+00   9.7844700e-12
   1.3275000e+02   0.0000000e+00   0.0000000e+00   0.0000000e+00   9.8167959e-12
   1.3300000e+02   0.0000000e+00   0.0000000e+00   0.0000000e+00   9.8483652e-12
   1.3325000e+02   0.0000000e+00   0.0000000e+00   0.0000000e+00   9.8791758e-12
   1.3350000e+02   0.0000000e+00   0.0000000e+00   0.0000000e+00   9.9092250e-12
   1.3375000e+02   0.0000000e+00   0.0000000e+00   0.0000000e+00   9.9385258e-12
   1.3400000e+02   0.0000000e+00   0.0000000e+00   0.0000000e+00   9.9670739e-12
   1.3425000e+02   0.0000000e+00   0.0000000e+00   0.0000000e+00   9.9948670e-12
   1.3450000e+02   0.0000000e+00   0.0000000e+00   0.0000000e+00   1.0021918e-11
   1.3475000e+02   0.0000000e+00   0.0000000e+00   0.0000000e+00   1.0048226e-11
   1.3500000e+02   0.0000000e+00   0.0000000e+00   0.0000000e+00   1.0073787e-11
   1.3525000e+02   0.0000000e+00   0.0000000e+00   0.0000000e+00   1.0098610e-11
   1.3550000e+02   0.0000000e+00   0.0000000e+00   0.0000000e+00   1.0122700e-11
   1.3575000e+02   0.0000000e+00   0.0000000e+00   0.0000000e+00   1.0146055e-11
   1.3600000e+02   0.0000000e+00   0.0000000e+00   0.0000000e+00   1.0168677e-11
   1.3625000e+02   0.0000000e+00   0.0000000e+00   0.0000000e+00   1.0190576e-11
   1.3650000e+02   0.0000000e+00   0.0000000e+00   0.0000000e+00   1.0211751e-11
   1.3675000e+02   0.0000000e+00   0.0000000e+00   0.0000000e+00   1.0232199e-11
   1.3700000e+02   0.0000000e+00   0.0000000e+00   0.0000000e+00   1.0251936e-11
   1.3725000e+02   0.0000000e+00   0.0000000e+00   0.0000000e+00   1.0270960e-11
   1.3750000e+02   0.0000000e+00   0.0000000e+00   0.0000000e+00   1.0289268e-11
   1.3775000e+02   0.0000000e+00   0.0000000e+00   0.0000000e+00   1.0306870e-11
   1.3800000e+02   0.0000000e+00   0.0000000e+00   0.0000000e+00   1.0323771e-11
   1.3825000e+02   0.0000000e+00   0.0000000e+00   0.0000000e+00   1.0339973e-11
   1.3850000e+02   0.0000000e+00   0.0000000e+00   0.0000000e+00   1.0355473e-11
   1.3875000e+02   0.0000000e+00   0.0000000e+00   0.0000000e+00   1.0370288e-11
   1.3900000e+02   0.0000000e+00   0.0000000e+00   0.0000000e+00   1.0384413e-11
   1.3925000e+02   0.0000000e+00   0.0000000e+00   0.0000000e+00   1.0397848e-11
   1.3950000e+02   0.0000000e+00   0.0000000e+00   0.0000000e+00   1.0410606e-11
   1.3975000e+02   0.0000000e+00   0.0000000e+00   0.0000000e+00   1.0422690e-11
   1.4000000e+02   0.0000000e+00   0.0000000e+00   0.0000000e+00   1.0434100e-11
   1.4025000e+02   0.0000000e+00   0.0000000e+00   0.0000000e+00   1.0444838e-11
   1.4050000e+02   0.0000000e+00   0.0000000e+00   0.0000000e+00   1.0454917e-11
   1.4075000e+02   0.0000000e+00   0.0000000e+00   0.0000000e+00   1.0464335e-11
   1.4100000e+02   0.0000000e+00   0.0000000e+00   0.0000000e+00   1.0473093e-11
   1.4125000e+02   0.0000000e+00   0.0000000e+00   0.0000000e+00   1.0481203e-11
   1.4150000e+02   0.0000000e+00   0.0000000e+00   0.0000000e+00   1.0488668e-11
   1.4175000e+02   0.0000000e+00   0.0000000e+00   0.0000000e+00   1.0495488e-11
   1.4200000e+02   0.0000000e+00   0.0000000e+00   0.0000000e+00   1.0501666e-11
   1.4225000e+02   0.0000000e+00   0.0000000e+00   0.0000000e+00   1.0507216e-11
   1.4250000e+02   0.0000000e+00   0.0000000e+00   0.0000000e+00   1.0512136e-11
   1.4275000e+02   0.0000000e+00   0.0000000e+00   0.0000000e+00   1.0516425e-11
   1.4300000e+02   0.0000000e+00   0.0000000e+00   0.0000000e+00   1.0520099e-11
   1.4325000e+02   0.0000000e+00   0.0000000e+00   0.0000000e+00   1.0523159e-11
   1.4350000e+02   0.0000000e+00   0.0000000e+00   0.0000000e+00   1.0525605e-11
   1.4375000e+02   0.0000000e+00   0.0000000e+00   0.0000000e+00   1.0527442e-11
   1.4400000e+02   0.0000000e+00   0.0000000e+00   0.0000000e+00   1.0528683e-11
   1.4425000e+02   0.0000000e+00   0.0000000e+00   0.0000000e+00   1.0529325e-11
   1.4450000e+02   0.0000000e+00   0.0000000e+00   0.0000000e+00   1.0529370e-11
   1.4475000e+02   0.0000000e+00   0.0000000e+00   0.0000000e+00   1.0528832e-11
   1.4500000e+02   0.0000000e+00   0.0000000e+00   0.0000000e+00   1.0527713e-11
   1.4525000e+02   0.0000000e+00   0.0000000e+00   0.0000000e+00   1.0526013e-11
   1.4550000e+02   0.0000000e+00   0.0000000e+00   0.0000000e+00   1.0523737e-11
   1.4575000e+02   0.0000000e+00   0.0000000e+00   0.0000000e+00   1.0520899e-11
   1.4600000e+02   0.0000000e+00   0.0000000e+00   0.0000000e+00   1.0517496e-11
   1.4625000e+02   0.0000000e+00   0.0000000e+00   0.0000000e+00   1.0513529e-11
   1.4650000e+02   0.0000000e+00   0.0000000e+00   0.0000000e+00   1.0509012e-11
   1.4675000e+02   0.0000000e+00   0.0000000e+00   0.0000000e+00   1.0503948e-11
   1.4700000e+02   0.0000000e+00   0.0000000e+00   0.0000000e+00   1.0498339e-11
   1.4725000e+02   0.0000000e+00   0.0000000e+00   0.0000000e+00   1.0492186e-11
   1.4750000e+02   0.0000000e+00   0.0000000e+00   0.0000000e+00   1.0485505e-11
   1.4775000e+02   0.0000000e+00   0.0000000e+00   0.0000000e+00   1.0478296e-11
   1.4800000e+02   0.0000000e+00   0.0000000e+00   0.0000000e+00   1.0470558e-11
   1.4825000e+02   0.0000000e+00   0.0000000e+00   0.0000000e+00   1.0462300e-11
   1.4850000e+02   0.0000000e+00   0.0000000e+00   0.0000000e+00   1.0453532e-11
   1.4875000e+02   0.0000000e+00   0.0000000e+00   0.0000000e+00   1.0444255e-11
   1.4900000e+02   0.0000000e+00   0.0000000e+00   0.0000000e+00   1.0434468e-11
   1.4925000e+02   0.0000000e+00   0.0000000e+00   0.0000000e+00   1.0424185e-11
   1.4950000e+02   0.0000000e+00   0.0000000e+00   0.0000000e+00   1.0413411e-11
   1.4975000e+02   0.0000000e+00   0.0000000e+00   0.0000000e+00   1.0402145e-11
   1.5000000e+02   0.0000000e+00   0.0000000e+00   0.0000000e+00   1.0390391e-11
   1.5025000e+02   0.0000000e+00   0.0000000e+00   0.0000000e+00   1.0378163e-11
   1.5050000e+02   0.0000000e+00   0.0000000e+00   0.0000000e+00   1.0365462e-11
   1.5075000e+02   0.0000000e+00   0.0000000e+00   0.0000000e+00   1.0352287e-11
   1.5100000e+02   0.0000000e+00   0.0000000e+00   0.0000000e+00   1.0338646e-11
   1.5125000e+02   0.0000000e+00   0.0000000e+00   0.0000000e+00   1.0324552e-11
   1.5150000e+02   0.0000000e+00   0.0000000e+00   0.0000000e+00   1.0310002e-11
   1.5175000e+02   0.0000000e+00   0.0000000e+00   0.0000000e+00   1.0294998e-11
   1.5200000e+02   0.0000000e+00   0.0000000e+00   0.0000000e+00   1.0279553e-11
   1.5225000e+02   0.0000000e+00   0.0000000e+00   0.0000000e+00   1.0263671e-11
   1.5250000e+02   0.0000000e+00   0.0000000e+00   0.0000000e+00   1.0247354e-11
   1.5275000e+02   0.0000000e+00   0.0000000e+00   0.0000000e+00   1.0230602e-11
   1.5300000e+02   0.0000000e+00   0.0000000e+00   0.0000000e+00   1.0213431e-11
   1.5325000e+02   0.0000000e+00   0.0000000e+00   0.0000000e+00   1.0195842e-11
   1.5350000e+02   0.0000000e+00   0.0000000e+00   0.0000000e+00   1.0177836e-11
   1.5375000e+02   0.0000000e+00   0.0000000e+00   0.0000000e+00   1.0159417e-11
   1.5400000e+02   0.0000000e+00   0.0000000e+00   0.0000000e+00   1.0140600e-11
   1.5425000e+02   0.0000000e+00   0.0000000e+00   0.0000000e+00   1.0121382e-11
   1.5450000e+02   0.0000000e+00   0.0000000e+00   0.0000000e+00   1.0101766e-11
   1.5475000e+02   0.0000000e+00   0.0000000e+00   0.0000000e+00   1.0081759e-11
   1.5500000e+02   0.0000000e+00   0.0000000e+00   0.0000000e+00   1.0061372e-11
   1.5525000e+02   0.0000000e+00   0.0000000e+00   0.0000000e+00   1.0040605e-11
   1.5550000e+02   0.0000000e+00   0.0000000e+00   0.0000000e+00   1.0019457e-11
   1.5575000e+02   0.0000000e+00   0.0000000e+00   0.0000000e+00   9.9979419e-12
   1.5600000e+02   0.0000000e+00   0.0000000e+00   0.0000000e+00   9.9760637e-12
   1.5625000e+02   0.0000000e+00   0.0000000e+00   0.0000000e+00   9.9538245e-12
   1.5650000e+02   0.0000000e+00   0.0000000e+00   0.0000000e+00   9.9312246e-12
   1.5675000e+02   0.0000000e+00   0.0000000e+00   0.0000000e+00   9.9082774e-12
   1.5700000e+02   0.0000000e+00   0.0000000e+00   0.0000000e+00   9.8849857e-12
   1.5725000e+02   0.0000000e+00   0.0000000e+00   0.0000000e+00   9.8613518e-12
   1.5750000e+02   0.0000000e+00   0.0000000e+00   0.0000000e+00   9.8373765e-12
   1.5775000e+02   0.0000000e+00   0.0000000e+00   0.0000000e+00   9.8130739e-12
   1.5800000e+02   0.0000000e+00   0.0000000e+00   0.0000000e+00   9.7884451e-12
   1.5825000e+02   0.0000000e+00   0.0000000e+00   0.0000000e+00   9.7634925e-12
   1.5850000e+02   0.0000000e+00   0.0000000e+00   0.0000000e+00   9.7382180e-12
   1.5875000e+02   0.0000000e+00   0.0000000e+00   0.0000000e+00   9.7126354e-12
   1.5900000e+02   0.0000000e+00   0.0000000e+00   0.0000000e+00   9.6867448e-12
   1.5925000e+02   0.0000000e+00   0.0000000e+00   0.0000000e+00   9.6605486e-12
   1.5950000e+02   0.0000000e+00   0.0000000e+00   0.0000000e+00   9.6340498e-12
   1.5975000e+02   0.0000000e+00   0.0000000e+00   0.0000000e+00   9.6072617e-12
   1.6000000e+02   0.0000000e+00   0.0000000e+00   0.0000000e+00   9.5801835e-12
   1.6025000e+02   0.0000000e+00   0.0000000e+00   0.0000000e+00   9.5528175e-12
   1.6050000e+02   0.0000000e+00   0.0000000e+00   0.0000000e+00   9.5251680e-12
   1.6075000e+02   0.0000000e+00   0.0000000e+00   0.0000000e+00   9.4972474e-12
   1.6100000e+02   0.0000000e+00   0.0000000e+00   0.0000000e+00   9.4690546e-12
   1.6125000e+02   0.0000000e+00   0.0000000e+00   0.0000000e+00   9.4405918e-12
   1.6150000e+02   0.0000000e+00   0.0000000e+00   0.0000000e+00   9.4118637e-12
   1.6175000e+02   0.0000000e+00   0.0000000e+00   0.0000000e+00   9.3828826e-12
   1.6200000e+02   0.0000000e+00   0.0000000e+00   0.0000000e+00   9.3536467e-12
   1.6225000e+02   0.0000000e+00   0.0000000e+00   0.0000000e+00   9.3241585e-12
   1.6250000e+02   0.0000000e+00   0.0000000e+00   0.0000000e+00   9.2944228e-12
   1.6275000e+02   0.0000000e+00   0.0000000e+00   0.0000000e+00   9.2644516e-12
   1.6300000e+02   0.0000000e+00   0.0000000e+00   0.0000000e+00   9.2342430e-12
   1.6325000e+02   0.0000000e+00   0.0000000e+00   0.0000000e+00   9.2037992e-12
   1.6350000e+02   0.0000000e+00   0.0000000e+00   0.0000000e+00   9.1731255e-12
   1.6375000e+02   0.0000000e+00   0.0000000e+00   0.0000000e+00   9.1422332e-12
   1.6400000e+02   0.0000000e+00   0.0000000e+00   0.0000000e+00   9.1111205e-12
   1.6425000e+02   0.0000000e+00   0.0000000e+00   0.0000000e+00   9.0797899e-12
   1.6450000e+02   0.0000000e+00   0.0000000e+00   0.0000000e+00   9.0482461e-12
   1.6475000e+02   0.0000000e+00   0.0000000e+00   0.0000000e+00   9.0165003e-12
   1.6500000e+02   0.0000000e+00   0.0000000e+00   0.0000000e+00   8.9845509e-12
   1.6525000e+02   0.0000000e+00   0.0000000e+00   0.0000000e+00   8.9524004e-12
   1.6550000e+02   0.0000000e+00   0.0000000e+00   0.0000000e+00   8.9200529e-12
   1.6575000e+02   0.0000000e+00   0.0000000e+00   0.0000000e+00   8.8875195e-12
   1.6600000e+02   0.0000000e+00   0.0000000e+00   0.0000000e+00   8.8547991e-12
   1.6625000e+02   0.0000000e+00   0.0000000e+00   0.0000000e+00   8.8218942e-12
   1.6650000e+02   0.0000000e+00   0.0000000e+00   0.0000000e+00   8.7888078e-12
   1.6675000e+02   0.0000000e+00   0.0000000e+00   0.0000000e+00   8.7555514e-12
   1.6700000e+02   0.0000000e+00   0.0000000e+00   0.0000000e+00   8.7221240e-12
   1.6725000e+02   0.0000000e+00   0.0000000e+00   0.0000000e+00   8.6885285e-12
   1.6750000e+02   0.0000000e+00   0.0000000e+00   0.0000000e+00   8.6547666e-12
   1.6775000e+02   0.0000000e+00   0.0000000e+00   0.0000000e+00   8.6208498e-12
   1.6800000e+02   0.0000000e+00   0.0000000e+00   0.0000000e+00   8.5867780e-12
   1.6825000e+02   0.0000000e+00   0.0000000e+00   0.0000000e+00   8.5525539e-12
   1.6850000e+02   0.0000000e+00   0.0000000e+00   0.0000000e+00   8.5181782e-12
   1.6875000e+02   0.0000000e+00   0.0000000e+00   0.0000000e+00   8.4836621e-12
   1.6900000e+02   0.0000000e+00   0.0000000e+00   0.0000000e+00   8.4490067e-12
   1.6925000e+02   0.0000000e+00   0.0000000e+00   0.0000000e+00   8.4142141e-12
   1.6950000e+02   0.0000000e+00   0.0000000e+00   0.0000000e+00   8.3792848e-12
   1.6975000e+02   0.0000000e+00   0.0000000e+00   0.0000000e+00   8.3442290e-12
   1.7000000e+02   0.0000000e+00   0.0000000e+00   0.0000000e+00   8.3090491e-12
   1.7025000e+02   0.0000000e+00   0.0000000e+00   0.0000000e+00   8.2737467e-12
   1.7050000e+02   0.0000000e+00   0.0000000e+00   0.0000000e+00   8.2383221e-12
   1.7075000e+02   0.0000000e+00   0.0000000e+00   0.0000000e+00   8.2027839e-12
   1.7100000e+02   0.0000000e+00   0.0000000e+00   0.0000000e+00   8.1671373e-12
   1.7125000e+02   0.0000000e+00   0.0000000e+00   0.0000000e+00   8.1313820e-12
   1.7150000e+02   0.0000000e+00   0.0000000e+00   0.0000000e+00   8.0955188e-12
   1.7175000e+02   0.0000000e+00   0.0000000e+00   0.0000000e+00   8.0595537e-12
   1.7200000e+02   0.0000000e+00   0.0000000e+00   0.0000000e+00   8.0234954e-12
   1.7225000e+02   0.0000000e+00   0.0000000e+00   0.0000000e+00   7.9873416e-12
   1.7250000e+02   0.0000000e+00   0.0000000e+00   0.0000000e+00   7.9510950e-12
   1.7275000e+02   0.0000000e+00   0.0000000e+00   0.0000000e+00   7.9147585e-12
   1.7300000e+02   0.0000000e+00   0.0000000e+00   0.0000000e+00   7.8783417e-12
   1.7325000e+02   0.0000000e+00   0.0000000e+00   0.0000000e+00   7.8418436e-12
   1.7350000e+02   0.0000000e+00   0.0000000e+00   0.0000000e+00   7.8052667e-12
   1.7375000e+02   0.0000000e+00   0.0000000e+00   0.0000000e+00   7.7686118e-12
   1.7400000e+02   0.0000000e+00   0.0000000e+00   0.0000000e+00   7.7318885e-12
   1.7425000e+02   0.0000000e+00   0.0000000e+00   0.0000000e+00   7.6950979e-12
   1.7450000e+02   0.0000000e+00   0.0000000e+00   0.0000000e+00   7.6582413e-12
   1.7475000e+02   0.0000000e+00   0.0000000e+00   0.0000000e+00   7.6213195e-12
   1.7500000e+02   0.0000000e+00   0.0000000e+00   0.0000000e+00   7.5843400e-12
   1.7525000e+02   0.0000000e+00   0.0000000e+00   0.0000000e+00   7.5473071e-12
   1.7550000e+02   0.0000000e+00   0.0000000e+00   0.0000000e+00   7.5102204e-12
   1.7575000e+02   0.0000000e+00   0.0000000e+00   0.0000000e+00   7.4730806e-12
   1.7600000e+02   0.0000000e+00   0.0000000e+00   0.0000000e+00   7.4358927e-12
   1.7625000e+02   0.0000000e+00   0.0000000e+00   0.0000000e+00   7.3986648e-12
   1.7650000e+02   0.0000000e+00   0.0000000e+00   0.0000000e+00   7.3613949e-12
   1.7675000e+02   0.0000000e+00   0.0000000e+00   0.0000000e+00   7.3240855e-12
   1.7700000e+02   0.0000000e+00   0.0000000e+00   0.0000000e+00   7.2867380e-12
   1.7725000e+02   0.0000000e+00   0.0000000e+00   0.0000000e+00   7.2493610e-12
   1.7750000e+02   0.0000000e+00   0.0000000e+00   0.0000000e+00   7.2119547e-12
   1.7775000e+02   0.0000000e+00   0.0000000e+00   0.0000000e+00   7.1745207e-12
   1.7800000e+02   0.0000000e+00   0.0000000e+00   0.0000000e+00   7.1370595e-12
   1.7825000e+02   0.0000000e+00   0.0000000e+00   0.0000000e+00   7.0995779e-12
   1.7850000e+02   0.0000000e+00   0.0000000e+00   0.0000000e+00   7.0620800e-12
   1.7875000e+02   0.0000000e+00   0.0000000e+00   0.0000000e+00   7.0245645e-12
   1.7900000e+02   0.0000000e+00   0.0000000e+00   0.0000000e+00   6.9870331e-12
   1.7925000e+02   0.0000000e+00   0.0000000e+00   0.0000000e+00   6.9494895e-12
   1.7950000e+02   0.0000000e+00   0.0000000e+00   0.0000000e+00   6.9119410e-12
   1.7975000e+02   0.0000000e+00   0.0000000e+00   0.0000000e+00   6.8743863e-12
   1.8000000e+02   0.0000000e+00   0.0000000e+00   0.0000000e+00   6.8368275e-12
   1.8025000e+02   0.0000000e+00   0.0000000e+00   0.0000000e+00   6.7992651e-12
   1.8050000e+02   0.0000000e+00   0.0000000e+00   0.0000000e+00   6.7617067e-12
   1.8075000e+02   0.0000000e+00   0.0000000e+00   0.0000000e+00   6.7241537e-12
   1.8100000e+02   0.0000000e+00   0.0000000e+00   0.0000000e+00   6.6866067e-12
   1.8125000e+02   0.0000000e+00   0.0000000e+00   0.0000000e+00   6.6490661e-12
   1.8150000e+02   0.0000000e+00   0.0000000e+00   0.0000000e+00   6.6115359e-12
   1.8175000e+02   0.0000000e+00   0.0000000e+00   0.0000000e+00   6.5740229e-12
   1.8200000e+02   0.0000000e+00   0.0000000e+00   0.0000000e+00   6.5365250e-12
   1.8225000e+02   0.0000000e+00   0.0000000e+00   0.0000000e+00   6.4990446e-12
   1.8250000e+02   0.0000000e+00   0.0000000e+00   0.0000000e+00   6.4615823e-12
   1.8275000e+02   0.0000000e+00   0.0000000e+00   0.0000000e+00   6.4241454e-12
   1.8300000e+02   0.0000000e+00   0.0000000e+00   0.0000000e+00   6.3867344e-12
   1.8325000e+02   0.0000000e+00   0.0000000e+00   0.0000000e+00   6.3493501e-12
   1.8350000e+02   0.0000000e+00   0.0000000e+00   0.0000000e+00   6.3119929e-12
   1.8375000e+02   0.0000000e+00   0.0000000e+00   0.0000000e+00   6.2746667e-12
   1.8400000e+02   0.0000000e+00   0.0000000e+00   0.0000000e+00   6.2373773e-12
   1.8425000e+02   0.0000000e+00   0.0000000e+00   0.0000000e+00   6.2001227e-12
   1.8450000e+02   0.0000000e+00   0.0000000e+00   0.0000000e+00   6.1629052e-12
   1.8475000e+02   0.0000000e+00   0.0000000e+00   0.0000000e+00   6.1257253e-12
   1.8500000e+02   0.0000000e+00   0.0000000e+00   0.0000000e+00   6.0885898e-12
   1.8525000e+02   0.0000000e+00   0.0000000e+00   0.0000000e+00   6.0514991e-12
   1.8550000e+02   0.0000000e+00   0.0000000e+00   0.0000000e+00   6.0144539e-12
   1.8575000e+02   0.0000000e+00   0.0000000e+00   0.0000000e+00   5.9774543e-12
   1.8600000e+02   0.0000000e+00   0.0000000e+00   0.0000000e+00   5.9405034e-12
   1.8625000e+02   0.0000000e+00   0.0000000e+00   0.0000000e+00   5.9036074e-12
   1.8650000e+02   0.0000000e+00   0.0000000e+00   0.0000000e+00   5.8667642e-12
   1.8675000e+02   0.0000000e+00   0.0000000e+00   0.0000000e+00   5.8299760e-12
   1.8700000e+02   0.0000000e+00   0.0000000e+00   0.0000000e+00   5.7932428e-12
   1.8725000e+02   0.0000000e+00   0.0000000e+00   0.0000000e+00   5.7565705e-12
   1.8750000e+02   0.0000000e+00   0.0000000e+00   0.0000000e+00   5.7199604e-12
   1.8775000e+02   0.0000000e+00   0.0000000e+00   0.0000000e+00   5.6834119e-12
   1.8800000e+02   0.0000000e+00   0.0000000e+00   0.0000000e+00   5.6469260e-12
   1.8825000e+02   0.0000000e+00   0.0000000e+00   0.0000000e+00   5.6105051e-12
   1.8850000e+02   0.0000000e+00   0.0000000e+00   0.0000000e+00   5.5741546e-12
   1.8875000e+02   0.0000000e+00   0.0000000e+00   0.0000000e+00   5.5378736e-12
   1.8900000e+02   0.0000000e+00   0.0000000e+00   0.0000000e+00   5.5016631e-12
   1.8925000e+02   0.0000000e+00   0.0000000e+00   0.0000000e+00   5.4655235e-12
   1.8950000e+02   0.0000000e+00   0.0000000e+00   0.0000000e+00   5.4294582e-12
   1.8975000e+02   0.0000000e+00   0.0000000e+00   0.0000000e+00   5.3934712e-12
   1.9000000e+02   0.0000000e+00   0.0000000e+00   0.0000000e+00   5.3575604e-12
   1.9025000e+02   0.0000000e+00   0.0000000e+00   0.0000000e+00   5.3217282e-12
   1.9050000e+02   0.0000000e+00   0.0000000e+00   0.0000000e+00   5.2859745e-12
   1.9075000e+02   0.0000000e+00   0.0000000e+00   0.0000000e+00   5.2503047e-12
   1.9100000e+02   0.0000000e+00   0.0000000e+00   0.0000000e+00   5.2147195e-12
   1.9125000e+02   0.0000000e+00   0.0000000e+00   0.0000000e+00   5.1792184e-12
   1.9150000e+02   0.0000000e+00   0.0000000e+00   0.0000000e+00   5.1438017e-12
   1.9175000e+02   0.0000000e+00   0.0000000e+00   0.0000000e+00   5.1084719e-12
   1.9200000e+02   0.0000000e+00   0.0000000e+00   0.0000000e+00   5.0732336e-12
   1.9225000e+02   0.0000000e+00   0.0000000e+00   0.0000000e+00   5.0380859e-12
   1.9250000e+02   0.0000000e+00   0.0000000e+00   0.0000000e+00   5.0030295e-12
   1.9275000e+02   0.0000000e+00   0.0000000e+00   0.0000000e+00   4.9680647e-12
   1.9300000e+02   0.0000000e+00   0.0000000e+00   0.0000000e+00   4.9331939e-12
   1.9325000e+02   0.0000000e+00   0.0000000e+00   0.0000000e+00   4.8984210e-12
   1.9350000e+02   0.0000000e+00   0.0000000e+00   0.0000000e+00   4.8637444e-12
   1.9375000e+02   0.0000000e+00   0.0000000e+00   0.0000000e+00   4.8291657e-12
   1.9400000e+02   0.0000000e+00   0.0000000e+00   0.0000000e+00   4.7946847e-12
   1.9425000e+02   0.0000000e+00   0.0000000e+00   0.0000000e+00   4.7603053e-12
   1.9450000e+02   0.0000000e+00   0.0000000e+00   0.0000000e+00   4.7260295e-12
   1.9475000e+02   0.0000000e+00   0.0000000e+00   0.0000000e+00   4.6918551e-12
   1.9500000e+02   0.0000000e+00   0.0000000e+00   0.0000000e+00   4.6577844e-12
   1.9525000e+02   0.0000000e+00   0.0000000e+00   0.0000000e+00   4.6238175e-12
   1.9550000e+02   0.0000000e+00   0.0000000e+00   0.0000000e+00   4.5899586e-12
   1.9575000e+02   0.0000000e+00   0.0000000e+00   0.0000000e+00   4.5562081e-12
   1.9600000e+02   0.0000000e+00   0.0000000e+00   0.0000000e+00   4.5225653e-12
   1.9625000e+02   0.0000000e+00   0.0000000e+00   0.0000000e+00   4.4890304e-12
   1.9650000e+02   0.0000000e+00   0.0000000e+00   0.0000000e+00   4.4556054e-12
   1.9675000e+02   0.0000000e+00   0.0000000e+00   0.0000000e+00   4.4222938e-12
   1.9700000e+02   0.0000000e+00   0.0000000e+00   0.0000000e+00   4.3890951e-12
   1.9725000e+02   0.0000000e+00   0.0000000e+00   0.0000000e+00   4.3560096e-12
   1.9750000e+02   0.0000000e+00   0.0000000e+00   0.0000000e+00   4.3230369e-12
   1.9775000e+02   0.0000000e+00   0.0000000e+00   0.0000000e+00   4.2901788e-12
   1.9800000e+02   0.0000000e+00   0.0000000e+00   0.0000000e+00   4.2574391e-12
   1.9825000e+02   0.0000000e+00   0.0000000e+00   0.0000000e+00   4.2248165e-12
   1.9850000e+02   0.0000000e+00   0.0000000e+00   0.0000000e+00   4.1923117e-12
   1.9875000e+02   0.0000000e+00   0.0000000e+00   0.0000000e+00   4.1599245e-12
   1.9900000e+02   0.0000000e+00   0.0000000e+00   0.0000000e+00   4.1276565e-12
   1.9925000e+02   0.0000000e+00   0.0000000e+00   0.0000000e+00   4.0955110e-12
   1.9950000e+02   0.0000000e+00   0.0000000e+00   0.0000000e+00   4.0634866e-12
   1.9975000e+02   0.0000000e+00   0.0000000e+00   0.0000000e+00   4.0315840e-12
   2.0000000e+02   0.0000000e+00   0.0000000e+00   0.0000000e+00   3.9998032e-12
   2.0025000e+02   0.0000000e+00   0.0000000e+00   0.0000000e+00   3.9681461e-12
   2.0050000e+02   0.0000000e+00   0.0000000e+00   0.0000000e+00   3.9366150e-12
   2.0075000e+02   0.0000000e+00   0.0000000e+00   0.0000000e+00   3.9052085e-12
   2.0100000e+02   0.0000000e+00   0.0000000e+00   0.0000000e+00   3.8739277e-12
   2.0125000e+02   0.0000000e+00   0.0000000e+00   0.0000000e+00   3.8427723e-12
   2.0150000e+02   0.0000000e+00   0.0000000e+00   0.0000000e+00   3.8117443e-12
   2.0175000e+02   0.0000000e+00   0.0000000e+00   0.0000000e+00   3.7808457e-12
   2.0200000e+02   0.0000000e+00   0.0000000e+00   0.0000000e+00   3.7500750e-12
   2.0225000e+02   0.0000000e+00   0.0000000e+00   0.0000000e+00   3.7194331e-12
   2.0250000e+02   0.0000000e+00   0.0000000e+00   0.0000000e+00   3.6889200e-12
   2.0275000e+02   0.0000000e+00   0.0000000e+00   0.0000000e+00   3.6585377e-12
   2.0300000e+02   0.0000000e+00   0.0000000e+00   0.0000000e+00   3.6282876e-12
   2.0325000e+02   0.0000000e+00   0.0000000e+00   0.0000000e+00   3.5981682e-12
   2.0350000e+02   0.0000000e+00   0.0000000e+00   0.0000000e+00   3.5681808e-12
   2.0375000e+02   0.0000000e+00   0.0000000e+00   0.0000000e+00   3.5383249e-12
   2.0400000e+02   0.0000000e+00   0.0000000e+00   0.0000000e+00   3.5086026e-12
   2.0425000e+02   0.0000000e+00   0.0000000e+00   0.0000000e+00   3.4790151e-12
   2.0450000e+02   0.0000000e+00   0.0000000e+00   0.0000000e+00   3.4495610e-12
   2.0475000e+02   0.0000000e+00   0.0000000e+00   0.0000000e+00   3.4202413e-12
   2.0500000e+02   0.0000000e+00   0.0000000e+00   0.0000000e+00   3.3910557e-12
   2.0525000e+02   0.0000000e+00   0.0000000e+00   0.0000000e+00   3.3620059e-12
   2.0550000e+02   0.0000000e+00   0.0000000e+00   0.0000000e+00   3.3330932e-12
   2.0575000e+02   0.0000000e+00   0.0000000e+00   0.0000000e+00   3.3043163e-12
   2.0600000e+02   0.0000000e+00   0.0000000e+00   0.0000000e+00   3.2756759e-12
   2.0625000e+02   0.0000000e+00   0.0000000e+00   0.0000000e+00   3.2471718e-12
   2.0650000e+02   0.0000000e+00   0.0000000e+00   0.0000000e+00   3.2188053e-12
   2.0675000e+02   0.0000000e+00   0.0000000e+00   0.0000000e+00   3.1905780e-12
   2.0700000e+02   0.0000000e+00   0.0000000e+00   0.0000000e+00   3.1624884e-12
   2.0725000e+02   0.0000000e+00   0.0000000e+00   0.0000000e+00   3.1345372e-12
   2.0750000e+02   0.0000000e+00   0.0000000e+00   0.0000000e+00   3.1067240e-12
   2.0775000e+02   0.0000000e+00   0.0000000e+00   0.0000000e+00   3.0790499e-12
   2.0800000e+02   0.0000000e+00   0.0000000e+00   0.0000000e+00   3.0515166e-12
   2.0825000e+02   0.0000000e+00   0.0000000e+00   0.0000000e+00   3.0241228e-12
   2.0850000e+02   0.0000000e+00   0.0000000e+00   0.0000000e+00   2.9968689e-12
   2.0875000e+02   0.0000000e+00   0.0000000e+00   0.0000000e+00   2.9697545e-12
   2.0900000e+02   0.0000000e+00   0.0000000e+00   0.0000000e+00   2.9427801e-12
   2.0925000e+02   0.0000000e+00   0.0000000e+00   0.0000000e+00   2.9159480e-12
   2.0950000e+02   0.0000000e+00   0.0000000e+00   0.0000000e+00   2.8892568e-12
   2.0975000e+02   0.0000000e+00   0.0000000e+00   0.0000000e+00   2.8627068e-12
   2.1000000e+02   0.0000000e+00   0.0000000e+00   0.0000000e+00   2.8362971e-12
   2.1025000e+02   0.0000000e+00   0.0000000e+00   0.0000000e+00   2.8100286e-12
   2.1050000e+02   0.0000000e+00   0.0000000e+00   0.0000000e+00   2.7839032e-12
   2.1075000e+02   0.0000000e+00   0.0000000e+00   0.0000000e+00   2.7579201e-12
   2.1100000e+02   0.0000000e+00   0.0000000e+00   0.0000000e+00   2.7320787e-12
   2.1125000e+02   0.0000000e+00   0.0000000e+00   0.0000000e+00   2.7063785e-12
   2.1150000e+02   0.0000000e+00   0.0000000e+00   0.0000000e+00   2.6808204e-12
   2.1175000e+02   0.0000000e+00   0.0000000e+00   0.0000000e+00   2.6554058e-12
   2.1200000e+02   0.0000000e+00   0.0000000e+00   0.0000000e+00   2.6301346e-12
   2.1225000e+02   0.0000000e+00   0.0000000e+00   0.0000000e+00   2.6050049e-12
   2.1250000e+02   0.0000000e+00   0.0000000e+00   0.0000000e+00   2.5800179e-12
   2.1275000e+02   0.0000000e+00   0.0000000e+00   0.0000000e+00   2.5551731e-12
   2.1300000e+02   0.0000000e+00   0.0000000e+00   0.0000000e+00   2.5304721e-12
   2.1325000e+02   0.0000000e+00   0.0000000e+00   0.0000000e+00   2.5059147e-12
   2.1350000e+02   0.0000000e+00   0.0000000e+00   0.0000000e+00   2.4814995e-12
   2.1375000e+02   0.0000000e+00   0.0000000e+00   0.0000000e+00   2.4572274e-12
   2.1400000e+02   0.0000000e+00   0.0000000e+00   0.0000000e+00   2.4330978e-12
   2.1425000e+02   0.0000000e+00   0.0000000e+00   0.0000000e+00   2.4091114e-12
   2.1450000e+02   0.0000000e+00   0.0000000e+00   0.0000000e+00   2.3852690e-12
   2.1475000e+02   0.0000000e+00   0.0000000e+00   0.0000000e+00   2.3615694e-12
   2.1500000e+02   0.0000000e+00   0.0000000e+00   0.0000000e+00   2.3380127e-12
   2.1525000e+02   0.0000000e+00   0.0000000e+00   0.0000000e+00   2.3145986e-12
   2.1550000e+02   0.0000000e+00   0.0000000e+00   0.0000000e+00   2.2913270e-12
   2.1575000e+02   0.0000000e+00   0.0000000e+00   0.0000000e+00   2.2681995e-12
   2.1600000e+02   0.0000000e+00   0.0000000e+00   0.0000000e+00   2.2452151e-12
   2.1625000e+02   0.0000000e+00   0.0000000e+00   0.0000000e+00   2.2223732e-12
   2.1650000e+02   0.0000000e+00   0.0000000e+00   0.0000000e+00   2.1996733e-12
   2.1675000e+02   0.0000000e+00   0.0000000e+00   0.0000000e+00   2.1771159e-12
   2.1700000e+02   0.0000000e+00   0.0000000e+00   0.0000000e+00   2.1547020e-12
   2.1725000e+02   0.0000000e+00   0.0000000e+00   0.0000000e+00   2.1324312e-12
   2.1750000e+02   0.0000000e+00   0.0000000e+00   0.0000000e+00   2.1103018e-12
   2.1775000e+02   0.0000000e+00   0.0000000e+00   0.0000000e+00   2.0883148e-12
   2.1800000e+02   0.0000000e+00   0.0000000e+00   0.0000000e+00   2.0664695e-12
   2.1825000e+02   0.0000000e+00   0.0000000e+00   0.0000000e+00   2.0447665e-12
   2.1850000e+02   0.0000000e+00   0.0000000e+00   0.0000000e+00   2.0232061e-12
   2.1875000e+02   0.0000000e+00   0.0000000e+00   0.0000000e+00   2.0017871e-12
   2.1900000e+02   0.0000000e+00   0.0000000e+00   0.0000000e+00   1.9805097e-12
   2.1925000e+02   0.0000000e+00   0.0000000e+00   0.0000000e+00   1.9593733e-12
   2.1950000e+02   0.0000000e+00   0.0000000e+00   0.0000000e+00   1.9383778e-12
   2.1975000e+02   0.0000000e+00   0.0000000e+00   0.0000000e+00   1.9175243e-12
   2.2000000e+02   0.0000000e+00   0.0000000e+00   0.0000000e+00   1.8968119e-12
   2.2025000e+02   0.0000000e+00   0.0000000e+00   0.0000000e+00   1.8762398e-12
   2.2050000e+02   0.0000000e+00   0.0000000e+00   0.0000000e+00   1.8558077e-12
   2.2075000e+02   0.0000000e+00   0.0000000e+00   0.0000000e+00   1.8355157e-12
   2.2100000e+02   0.0000000e+00   0.0000000e+00   0.0000000e+00   1.8153644e-12
   2.2125000e+02   0.0000000e+00   0.0000000e+00   0.0000000e+00   1.7953535e-12
   2.2150000e+02   0.0000000e+00   0.0000000e+00   0.0000000e+00   1.7754815e-12
   2.2175000e+02   0.0000000e+00   0.0000000e+00   0.0000000e+00   1.7557490e-12
   2.2200000e+02   0.0000000e+00   0.0000000e+00   0.0000000e+00   1.7361554e-12
   2.2225000e+02   0.0000000e+00   0.0000000e+00   0.0000000e+00   1.7167004e-12
   2.2250000e+02   0.0000000e+00   0.0000000e+00   0.0000000e+00   1.6973849e-12
   2.2275000e+02   0.0000000e+00   0.0000000e+00   0.0000000e+00   1.6782078e-12
   2.2300000e+02   0.0000000e+00   0.0000000e+00   0.0000000e+00   1.6591687e-12
   2.2325000e+02   0.0000000e+00   0.0000000e+00   0.0000000e+00   1.6402667e-12
   2.2350000e+02   0.0000000e+00   0.0000000e+00   0.0000000e+00   1.6215023e-12
   2.2375000e+02   0.0000000e+00   0.0000000e+00   0.0000000e+00   1.6028756e-12
   2.2400000e+02   0.0000000e+00   0.0000000e+00   0.0000000e+00   1.5843865e-12
   2.2425000e+02   0.0000000e+00   0.0000000e+00   0.0000000e+00   1.5660333e-12
   2.2450000e+02   0.0000000e+00   0.0000000e+00   0.0000000e+00   1.5478165e-12
   2.2475000e+02   0.0000000e+00   0.0000000e+00   0.0000000e+00   1.5297356e-12
   2.2500000e+02   0.0000000e+00   0.0000000e+00   0.0000000e+00   1.5117903e-12
   2.2525000e+02   0.0000000e+00   0.0000000e+00   0.0000000e+00   1.4939810e-12
   2.2550000e+02   0.0000000e+00   0.0000000e+00   0.0000000e+00   1.4763069e-12
   2.2575000e+02   0.0000000e+00   0.0000000e+00   0.0000000e+00   1.4587674e-12
   2.2600000e+02   0.0000000e+00   0.0000000e+00   0.0000000e+00   1.4413617e-12
   2.2625000e+02   0.0000000e+00   0.0000000e+00   0.0000000e+00   1.4240901e-12
   2.2650000e+02   0.0000000e+00   0.0000000e+00   0.0000000e+00   1.4069526e-12
   2.2675000e+02   0.0000000e+00   0.0000000e+00   0.0000000e+00   1.3899489e-12
   2.2700000e+02   0.0000000e+00   0.0000000e+00   0.0000000e+00   1.3730777e-12
   2.2725000e+02   0.0000000e+00   0.0000000e+00   0.0000000e+00   1.3563392e-12
   2.2750000e+02   0.0000000e+00   0.0000000e+00   0.0000000e+00   1.3397328e-12
   2.2775000e+02   0.0000000e+00   0.0000000e+00   0.0000000e+00   1.3232580e-12
   2.2800000e+02   0.0000000e+00   0.0000000e+00   0.0000000e+00   1.3069154e-12
   2.2825000e+02   0.0000000e+00   0.0000000e+00   0.0000000e+00   1.2907041e-12
   2.2850000e+02   0.0000000e+00   0.0000000e+00   0.0000000e+00   1.2746231e-12
   2.2875000e+02   0.0000000e+00   0.0000000e+00   0.0000000e+00   1.2586723e-12
   2.2900000e+02   0.0000000e+00   0.0000000e+00   0.0000000e+00   1.2428512e-12
   2.2925000e+02   0.0000000e+00   0.0000000e+00   0.0000000e+00   1.2271600e-12
   2.2950000e+02   0.0000000e+00   0.0000000e+00   0.0000000e+00   1.2115984e-12
   2.2975000e+02   0.0000000e+00   0.0000000e+00   0.0000000e+00   1.1961652e-12
   2.3000000e+02   0.0000000e+00   0.0000000e+00   0.0000000e+00   1.1808604e-12
   2.3025000e+02   0.0000000e+00   0.0000000e+00   0.0000000e+00   1.1656831e-12
   2.3050000e+02   0.0000000e+00   0.0000000e+00   0.0000000e+00   1.1506331e-12
   2.3075000e+02   0.0000000e+00   0.0000000e+00   0.0000000e+00   1.1357108e-12
   2.3100000e+02   0.0000000e+00   0.0000000e+00   0.0000000e+00   1.1209153e-12
   2.3125000e+02   0.0000000e+00   0.0000000e+00   0.0000000e+00   1.1062455e-12
   2.3150000e+02   0.0000000e+00   0.0000000e+00   0.0000000e+00   1.0917014e-12
   2.3175000e+02   0.0000000e+00   0.0000000e+00   0.0000000e+00   1.0772826e-12
   2.3200000e+02   0.0000000e+00   0.0000000e+00   0.0000000e+00   1.0629886e-12
   2.3225000e+02   0.0000000e+00   0.0000000e+00   0.0000000e+00   1.0488194e-12
   2.3250000e+02   0.0000000e+00   0.0000000e+00   0.0000000e+00   1.0347743e-12
   2.3275000e+02   0.0000000e+00   0.0000000e+00   0.0000000e+00   1.0208524e-12
   2.3300000e+02   0.0000000e+00   0.0000000e+00   0.0000000e+00   1.0070533e-12
   2.3325000e+02   0.0000000e+00   0.0000000e+00   0.0000000e+00   9.9337684e-13
   2.3350000e+02   0.0000000e+00   0.0000000e+00   0.0000000e+00   9.7982264e-13
   2.3375000e+02   0.0000000e+00   0.0000000e+00   0.0000000e+00   9.6639040e-13
   2.3400000e+02   0.0000000e+00   0.0000000e+00   0.0000000e+00   9.5307924e-13
   2.3425000e+02   0.0000000e+00   0.0000000e+00   0.0000000e+00   9.3988877e-13
   2.3450000e+02   0.0000000e+00   0.0000000e+00   0.0000000e+00   9.2681819e-13
   2.3475000e+02   0.0000000e+00   0.0000000e+00   0.0000000e+00   9.1386736e-13
   2.3500000e+02   0.0000000e+00   0.0000000e+00   0.0000000e+00   9.0103612e-13
   2.3525000e+02   0.0000000e+00   0.0000000e+00   0.0000000e+00   8.8832392e-13
   2.3550000e+02   0.0000000e+00   0.0000000e+00   0.0000000e+00   8.7572970e-13
   2.3575000e+02   0.0000000e+00   0.0000000e+00   0.0000000e+00   8.6325334e-13
   2.3600000e+02   0.0000000e+00   0.0000000e+00   0.0000000e+00   8.5089416e-13
   2.3625000e+02   0.0000000e+00   0.0000000e+00   0.0000000e+00   8.3865167e-13
   2.3650000e+02   0.0000000e+00   0.0000000e+00   0.0000000e+00   8.2652591e-13
   2.3675000e+02   0.0000000e+00   0.0000000e+00   0.0000000e+00   8.1451622e-13
   2.3700000e+02   0.0000000e+00   0.0000000e+00   0.0000000e+00   8.0262137e-13
   2.3725000e+02   0.0000000e+00   0.0000000e+00   0.0000000e+00   7.9084144e-13
   2.3750000e+02   0.0000000e+00   0.0000000e+00   0.0000000e+00   7.7917579e-13
   2.3775000e+02   0.0000000e+00   0.0000000e+00   0.0000000e+00   7.6762383e-13
   2.3800000e+02   0.0000000e+00   0.0000000e+00   0.0000000e+00   7.5618553e-13
   2.3825000e+02   0.0000000e+00   0.0000000e+00   0.0000000e+00   7.4486020e-13
   2.3850000e+02   0.0000000e+00   0.0000000e+00   0.0000000e+00   7.3364674e-13
   2.3875000e+02   0.0000000e+00   0.0000000e+00   0.0000000e+00   7.2254507e-13
   2.3900000e+02   0.0000000e+00   0.0000000e+00   0.0000000e+00   7.1155461e-13
   2.3925000e+02   0.0000000e+00   0.0000000e+00   0.0000000e+00   7.0067487e-13
   2.3950000e+02   0.0000000e+00   0.0000000e+00   0.0000000e+00   6.8990563e-13
   2.3975000e+02   0.0000000e+00   0.0000000e+00   0.0000000e+00   6.7924614e-13
   2.4000000e+02   0.0000000e+00   0.0000000e+00   0.0000000e+00   6.6869555e-13
   2.4025000e+02   0.0000000e+00   0.0000000e+00   0.0000000e+00   6.5825354e-13
   2.4050000e+02   0.0000000e+00   0.0000000e+00   0.0000000e+00   6.4791962e-13
   2.4075000e+02   0.0000000e+00   0.0000000e+00   0.0000000e+00   6.3769334e-13
   2.4100000e+02   0.0000000e+00   0.0000000e+00   0.0000000e+00   6.2757434e-13
   2.4125000e+02   0.0000000e+00   0.0000000e+00   0.0000000e+00   6.1756188e-13
   2.4150000e+02   0.0000000e+00   0.0000000e+00   0.0000000e+00   6.0765523e-13
   2.4175000e+02   0.0000000e+00   0.0000000e+00   0.0000000e+00   5.9785393e-13
   2.4200000e+02   0.0000000e+00   0.0000000e+00   0.0000000e+00   5.8815755e-13
   2.4225000e+02   0.0000000e+00   0.0000000e+00   0.0000000e+00   5.7856565e-13
   2.4250000e+02   0.0000000e+00   0.0000000e+00   0.0000000e+00   5.6907778e-13
   2.4275000e+02   0.0000000e+00   0.0000000e+00   0.0000000e+00   5.5969321e-13
   2.4300000e+02   0.0000000e+00   0.0000000e+00   0.0000000e+00   5.5041129e-13
   2.4325000e+02   0.0000000e+00   0.0000000e+00   0.0000000e+00   5.4123148e-13
   2.4350000e+02   0.0000000e+00   0.0000000e+00   0.0000000e+00   5.3215338e-13
   2.4375000e+02   0.0000000e+00   0.0000000e+00   0.0000000e+00   5.2317652e-13
   2.4400000e+02   0.0000000e+00   0.0000000e+00   0.0000000e+00   5.1430044e-13
   2.4425000e+02   0.0000000e+00   0.0000000e+00   0.0000000e+00   5.0552439e-13
   2.4450000e+02   0.0000000e+00   0.0000000e+00   0.0000000e+00   4.9684776e-13
   2.4475000e+02   0.0000000e+00   0.0000000e+00   0.0000000e+00   4.8826999e-13
   2.4500000e+02   0.0000000e+00   0.0000000e+00   0.0000000e+00   4.7979069e-13
   2.4525000e+02   0.0000000e+00   0.0000000e+00   0.0000000e+00   4.7140935e-13
   2.4550000e+02   0.0000000e+00   0.0000000e+00   0.0000000e+00   4.6312551e-13
   2.4575000e+02   0.0000000e+00   0.0000000e+00   0.0000000e+00   4.5493844e-13
   2.4600000e+02   0.0000000e+00   0.0000000e+00   0.0000000e+00   4.4684750e-13
   2.4625000e+02   0.0000000e+00   0.0000000e+00   0.0000000e+00   4.3885219e-13
   2.4650000e+02   0.0000000e+00   0.0000000e+00   0.0000000e+00   4.3095205e-13
   2.4675000e+02   0.0000000e+00   0.0000000e+00   0.0000000e+00   4.2314657e-13
   2.4700000e+02   0.0000000e+00   0.0000000e+00   0.0000000e+00   4.1543530e-13
   2.4725000e+02   0.0000000e+00   0.0000000e+00   0.0000000e+00   4.0781754e-13
   2.4750000e+02   0.0000000e+00   0.0000000e+00   0.0000000e+00   4.0029261e-13
   2.4775000e+02   0.0000000e+00   0.0000000e+00   0.0000000e+00   3.9286003e-13
   2.4800000e+02   0.0000000e+00   0.0000000e+00   0.0000000e+00   3.8551934e-13
   2.4825000e+02   0.0000000e+00   0.0000000e+00   0.0000000e+00   3.7827000e-13
   2.4850000e+02   0.0000000e+00   0.0000000e+00   0.0000000e+00   3.7111156e-13
   2.4875000e+02   0.0000000e+00   0.0000000e+00   0.0000000e+00   3.6404337e-13
   2.4900000e+02   0.0000000e+00   0.0000000e+00   0.0000000e+00   3.5706467e-13
   2.4925000e+02   0.0000000e+00   0.0000000e+00   0.0000000e+00   3.5017508e-13
   2.4950000e+02   0.0000000e+00   0.0000000e+00   0.0000000e+00   3.4337408e-13
   2.4975000e+02   0.0000000e+00   0.0000000e+00   0.0000000e+00   3.3666110e-13
   2.5000000e+02   0.0000000e+00   0.0000000e+00   0.0000000e+00   3.3003573e-13
