1.000000000000000056e-01 2.003043098248799424e+03
2.500000000000000000e-01 1.311561353964488262e+03
5.000000000000000000e-01 7.671590106088875700e+02
7.500000000000000000e-01 4.526317719756390261e+02
1.000000000000000000e+00 2.639428043743024546e+02
1.250000000000000000e+00 1.496444235397455316e+02
1.500000000000000000e+00 8.166517066155449811e+01
1.750000000000000000e+00 4.245832676638399761e+01
2.000000000000000000e+00 2.064126601301950004e+01
2.250000000000000000e+00 9.090922663920999014e+00
2.500000000000000000e+00 3.535386853444499877e+00
2.750000000000000000e+00 1.198029634560999979e+00
3.000000000000000000e+00 3.731279100454999997e-01
3.250000000000000000e+00 1.223663332564999956e-01
3.500000000000000000e+00 5.369523008100000189e-02
3.750000000000000000e+00 3.096123570450000015e-02
4.000000000000000000e+00 1.987721786609999985e-02
4.250000000000000000e+00 1.311871080249749598e-02
4.500000000000000000e+00 8.876510419945620595e-03
4.750000000000000000e+00 6.304061147076963148e-03
5.000000000000000000e+00 4.809358843999999786e-03
5.250000000000000000e+00 3.994937862600000597e-03
5.500000000000000000e+00 3.586452342950000385e-03
5.750000000000000000e+00 3.376771284094000260e-03
6.000000000000000000e+00 3.232878233729209825e-03
6.250000000000000000e+00 3.102821861332313597e-03
6.500000000000000000e+00 2.982321961500000295e-03
6.750000000000000000e+00 2.870371935499999982e-03
7.000000000000000000e+00 2.766087456999999881e-03
7.250000000000000000e+00 2.668706332999999827e-03
7.500000000000000000e+00 2.577551451999999903e-03
7.750000000000000000e+00 2.492037171499999863e-03
8.000000000000000000e+00 2.411637709000000098e-03
8.250000000000000000e+00 2.335893419999999967e-03
8.500000000000000000e+00 2.264393387499999931e-03
8.750000000000000000e+00 2.196771224499999894e-03
9.000000000000000000e+00 2.132702446000000161e-03
9.250000000000000000e+00 2.071900709500000201e-03
9.500000000000000000e+00 2.014102959500000106e-03
9.750000000000000000e+00 1.959075924500000218e-03
1.000000000000000000e+01 1.906614729999999954e-03
1.025000000000000000e+01 1.856528554000000256e-03
1.050000000000000000e+01 1.808647780999999947e-03
1.075000000000000000e+01 1.762819154799999746e-03
1.100000000000000000e+01 1.718903493599999773e-03
1.125000000000000000e+01 1.676771047199999845e-03
1.150000000000000000e+01 1.636307676450000220e-03
1.175000000000000000e+01 1.597408520499999903e-03
1.200000000000000000e+01 1.559975423549999881e-03
1.225000000000000000e+01 1.523919044549999855e-03
1.250000000000000000e+01 1.489160339100000039e-03
1.275000000000000000e+01 1.455622551349999893e-03
1.300000000000000000e+01 1.423236316700000241e-03
1.325000000000000000e+01 1.391938504750000159e-03
1.350000000000000000e+01 1.361670894349999812e-03
1.375000000000000000e+01 1.332378523799999850e-03
1.400000000000000000e+01 1.304010902650000079e-03
1.425000000000000000e+01 1.276521215999999867e-03
1.450000000000000000e+01 1.249865076200000046e-03
1.475000000000000000e+01 1.224001398850000071e-03
1.500000000000000000e+01 1.198892946650000155e-03
1.525000000000000000e+01 1.174505179649999904e-03
1.550000000000000000e+01 1.150803733099999915e-03
1.575000000000000000e+01 1.127757403149999994e-03
1.600000000000000000e+01 1.105338971749999892e-03
1.625000000000000000e+01 1.083518643949999988e-03
1.650000000000000000e+01 1.062273417449999995e-03
1.675000000000000000e+01 1.041576899099999967e-03
1.700000000000000000e+01 1.021408918999999922e-03
1.725000000000000000e+01 1.001746164599999836e-03
1.750000000000000000e+01 9.825701632499999911e-04
1.775000000000000000e+01 9.638620480999999032e-04
1.800000000000000000e+01 9.456031092500000439e-04
1.825000000000000000e+01 9.277770968999999235e-04
1.850000000000000000e+01 9.103691299999999795e-04
1.875000000000000000e+01 8.933634660999998419e-04
1.900000000000000000e+01 8.767463081999999968e-04
1.925000000000000000e+01 8.605038921500000187e-04
1.950000000000000000e+01 8.446239028500000237e-04
1.975000000000000000e+01 8.290943901999999702e-04
2.000000000000000000e+01 8.139040793499999378e-04
2.025000000000000000e+01 7.990421626500000471e-04
2.050000000000000000e+01 7.844982376000001227e-04
2.075000000000000000e+01 7.702625550499999588e-04
2.100000000000000000e+01 7.563257965500000792e-04
2.125000000000000000e+01 7.426791327500000071e-04
2.150000000000000000e+01 7.293139095000001487e-04
2.175000000000000000e+01 7.162219763499999385e-04
2.200000000000000000e+01 7.033954018499998873e-04
2.225000000000000000e+01 6.908270319999999581e-04
2.250000000000000000e+01 6.785094459850000070e-04
2.275000000000000000e+01 6.664361037350000419e-04
2.300000000000000000e+01 6.546006506000000627e-04
2.325000000000000000e+01 6.429961143500000174e-04
2.350000000000000000e+01 6.316166360050000676e-04
2.375000000000000000e+01 6.204565244850000511e-04
2.400000000000000000e+01 6.095105223299999552e-04
2.425000000000000000e+01 5.987724800200000053e-04
2.450000000000000000e+01 5.882373404800000146e-04
2.475000000000000000e+01 5.779008248150000523e-04
2.500000000000000000e+01 5.677572368349999678e-04
2.525000000000000000e+01 5.578021341249999893e-04
2.550000000000000000e+01 5.480315381849999680e-04
2.575000000000000000e+01 5.384402401000000504e-04
2.600000000000000000e+01 5.290249271300000600e-04
2.625000000000000000e+01 5.197807765299999839e-04
2.650000000000000000e+01 5.107044324900000386e-04
2.675000000000000000e+01 5.017917756199999964e-04
2.700000000000000000e+01 4.930391891350000000e-04
2.725000000000000000e+01 4.844432719650000911e-04
2.750000000000000000e+01 4.760003927250000045e-04
2.775000000000000000e+01 4.677073503649999651e-04
2.800000000000000000e+01 4.595609040500000337e-04
2.825000000000000000e+01 4.515577330099999746e-04
2.850000000000000000e+01 4.436952877199999788e-04
2.875000000000000000e+01 4.359699451900000250e-04
2.900000000000000000e+01 4.283795187049999585e-04
2.925000000000000000e+01 4.209207915200000711e-04
2.950000000000000000e+01 4.135912360100000001e-04
2.975000000000000000e+01 4.063883563050000301e-04
3.000000000000000000e+01 3.993091842250000366e-04
3.025000000000000000e+01 3.923519027999999441e-04
3.050000000000000000e+01 3.855135891100000198e-04
3.075000000000000000e+01 3.787919104399999331e-04
3.100000000000000000e+01 3.721850742749999706e-04
3.125000000000000000e+01 3.656904274300000349e-04
3.150000000000000000e+01 3.593057788099999735e-04
3.175000000000000000e+01 3.530293654649999894e-04
3.200000000000000000e+01 3.468590178350000586e-04
3.225000000000000000e+01 3.407926196500000115e-04
3.250000000000000000e+01 3.348282006400000164e-04
3.275000000000000000e+01 3.289641558999999984e-04
3.300000000000000000e+01 3.231984264649999969e-04
3.325000000000000000e+01 3.175291924449999740e-04
3.350000000000000000e+01 3.119546397899999792e-04
3.375000000000000000e+01 3.064732676200000315e-04
3.400000000000000000e+01 3.010833221100000265e-04
3.425000000000000000e+01 2.957830943300000120e-04
3.450000000000000000e+01 2.905709271800000176e-04
3.475000000000000000e+01 2.854452935000000220e-04
3.500000000000000000e+01 2.804047683299999857e-04
3.525000000000000000e+01 2.754478299850000064e-04
3.550000000000000000e+01 2.705729684600000312e-04
3.575000000000000000e+01 2.657787587950000206e-04
3.600000000000000000e+01 2.610637577800000082e-04
3.625000000000000000e+01 2.564266317050000236e-04
3.650000000000000000e+01 2.518659996290000067e-04
3.675000000000000000e+01 2.473806399334999690e-04
3.700000000000000000e+01 2.429692539485000028e-04
3.725000000000000000e+01 2.386305478219999865e-04
3.750000000000000000e+01 2.343633259234999592e-04
3.775000000000000000e+01 2.301662933789999860e-04
3.800000000000000000e+01 2.260383453699999802e-04
3.825000000000000000e+01 2.219783218899999873e-04
3.850000000000000000e+01 2.179850593554999742e-04
3.875000000000000000e+01 2.140574343329999861e-04
3.900000000000000000e+01 2.101943911694999765e-04
3.925000000000000000e+01 2.063948524214999933e-04
3.950000000000000000e+01 2.026577746999999726e-04
3.975000000000000000e+01 1.989821339244999892e-04
4.000000000000000000e+01 1.953669090804999913e-04
4.025000000000000000e+01 1.918111201429999971e-04
4.050000000000000000e+01 1.883138023074999886e-04
4.075000000000000000e+01 1.848740038364999846e-04
4.100000000000000000e+01 1.814907924835000455e-04
4.125000000000000000e+01 1.781632554565000374e-04
4.150000000000000000e+01 1.748904917165000107e-04
4.175000000000000000e+01 1.716716116125000153e-04
4.200000000000000000e+01 1.685057546570000039e-04
4.225000000000000000e+01 1.653920726629999843e-04
4.250000000000000000e+01 1.623297308754999974e-04
4.275000000000000000e+01 1.593179099060000126e-04
4.300000000000000000e+01 1.563558100030000065e-04
4.325000000000000000e+01 1.534426149900000049e-04
4.350000000000000000e+01 1.505775588415000042e-04
4.375000000000000000e+01 1.477598980889999972e-04
4.400000000000000000e+01 1.449888770365000124e-04
4.425000000000000000e+01 1.422637357175000005e-04
4.450000000000000000e+01 1.395837640975000160e-04
4.475000000000000000e+01 1.369482633840000117e-04
4.500000000000000000e+01 1.343565222284999992e-04
4.525000000000000000e+01 1.318078711114999981e-04
4.550000000000000000e+01 1.293016338340000028e-04
4.575000000000000000e+01 1.268371070045000199e-04
4.600000000000000000e+01 1.244136749775000023e-04
4.625000000000000000e+01 1.220306423185000194e-04
4.650000000000000000e+01 1.196874459420000096e-04
4.675000000000000000e+01 1.173834065465000076e-04
4.700000000000000000e+01 1.151179595134999879e-04
4.725000000000000000e+01 1.128904964244999891e-04
4.750000000000000000e+01 1.107004420029999905e-04
4.775000000000000000e+01 1.085471740699999940e-04
4.800000000000000000e+01 1.064301336280000184e-04
4.825000000000000000e+01 1.043487623000000038e-04
4.850000000000000000e+01 1.023024926570000043e-04
4.875000000000000000e+01 1.002908103045000159e-04
4.900000000000000000e+01 9.831319059150001234e-05
4.925000000000000000e+01 9.636908397399999320e-05
4.950000000000000000e+01 9.445795897549999595e-05
4.975000000000000000e+01 9.257931616649998593e-05
5.000000000000000000e+01 9.073264305049998600e-05
5.025000000000000000e+01 8.891747341300000715e-05
5.050000000000000000e+01 8.713333249849999982e-05
5.075000000000000000e+01 8.537971153349999034e-05
5.100000000000000000e+01 8.365612065150000764e-05
5.125000000000000000e+01 8.196211973549999690e-05
5.150000000000000000e+01 8.029726682889999265e-05
5.175000000000000000e+01 7.866112161395000094e-05
5.200000000000000000e+01 7.705320841534999657e-05
5.225000000000000000e+01 7.547310079994999827e-05
5.250000000000000000e+01 7.392035538764999661e-05
5.275000000000000000e+01 7.239459527945001256e-05
5.300000000000000000e+01 7.089538386599999944e-05
5.325000000000000000e+01 6.942229178684999912e-05
5.350000000000000000e+01 6.797492230524999185e-05
5.375000000000000000e+01 6.655289860250000950e-05
5.400000000000000000e+01 6.515583612555000406e-05
5.425000000000000000e+01 6.378331653330000068e-05
5.450000000000000000e+01 6.243496732864999390e-05
5.475000000000000000e+01 6.111043523539999632e-05
5.500000000000000000e+01 5.980935971020000404e-05
5.525000000000000000e+01 5.853133984435000071e-05
5.550000000000000000e+01 5.727604118105000325e-05
5.575000000000000000e+01 5.604312043779999719e-05
5.600000000000000000e+01 5.483223484309999670e-05
5.625000000000000000e+01 5.364301598055000762e-05
5.650000000000000000e+01 5.247513326599999604e-05
5.675000000000000000e+01 5.132829196559999906e-05
5.700000000000000000e+01 5.020213046654999647e-05
5.725000000000000000e+01 4.909633360230000558e-05
5.750000000000000000e+01 4.801059248065000010e-05
5.775000000000000000e+01 4.694460842939999801e-05
5.800000000000000000e+01 4.589804442945000077e-05
5.825000000000000000e+01 4.487060124284999709e-05
5.850000000000000000e+01 4.386201461689999707e-05
5.875000000000000000e+01 4.287195814304999779e-05
5.900000000000000000e+01 4.190014473785000316e-05
5.925000000000000000e+01 4.094631223275000103e-05
5.950000000000000000e+01 4.001015923629999975e-05
5.975000000000000000e+01 3.909140580444999568e-05
6.000000000000000000e+01 3.818980063105000640e-05
6.025000000000000000e+01 3.730505917305000088e-05
6.050000000000000000e+01 3.643690857105000113e-05
6.075000000000000000e+01 3.558510756734999830e-05
6.100000000000000000e+01 3.474939400800000253e-05
6.125000000000000000e+01 3.392949768714999590e-05
6.150000000000000000e+01 3.312519006369999325e-05
6.175000000000000000e+01 3.233621930590000187e-05
6.200000000000000000e+01 3.156232884065000269e-05
6.225000000000000000e+01 3.080330038334999881e-05
6.250000000000000000e+01 3.005888650779999866e-05
6.275000000000000000e+01 2.932885051150000127e-05
6.300000000000000000e+01 2.861297979290000455e-05
6.325000000000000000e+01 2.791103483169999811e-05
6.350000000000000000e+01 2.722279170405000293e-05
6.375000000000000000e+01 2.654804963074999729e-05
6.400000000000000000e+01 2.588657497529999959e-05
6.425000000000000000e+01 2.523815274539999864e-05
6.450000000000000000e+01 2.460259636400000474e-05
6.475000000000000000e+01 2.397967197194999934e-05
6.500000000000000000e+01 2.336919125845000157e-05
6.525000000000000000e+01 2.277095463055000150e-05
6.550000000000000000e+01 2.218475188256000346e-05
6.575000000000000000e+01 2.161040492258499958e-05
6.600000000000000000e+01 2.104770984045499751e-05
6.625000000000000000e+01 2.049647393588000389e-05
6.650000000000000000e+01 1.995653042101500221e-05
6.675000000000000000e+01 1.942766927887500206e-05
6.700000000000000000e+01 1.890972989814500125e-05
6.725000000000000000e+01 1.840252433996000160e-05
6.750000000000000000e+01 1.790587324331999929e-05
6.775000000000000000e+01 1.741961864753999921e-05
6.800000000000000000e+01 1.694356998173999861e-05
6.825000000000000000e+01 1.647757281807000376e-05
6.850000000000000000e+01 1.602145560798999967e-05
6.875000000000000000e+01 1.557505064933000169e-05
6.900000000000000000e+01 1.513821140553999869e-05
6.925000000000000000e+01 1.471075940622000088e-05
6.950000000000000000e+01 1.429255370041499737e-05
6.975000000000000000e+01 1.388343361512500300e-05
7.000000000000000000e+01 1.348324257118999995e-05
7.025000000000000000e+01 1.309184285009500064e-05
7.050000000000000000e+01 1.270907317987499796e-05
7.075000000000000000e+01 1.233480023186999997e-05
7.100000000000000000e+01 1.196887130358499956e-05
7.125000000000000000e+01 1.161115028396500184e-05
7.150000000000000000e+01 1.126149623738499965e-05
7.175000000000000000e+01 1.091976871257500074e-05
7.200000000000000000e+01 1.058584162685499967e-05
7.225000000000000000e+01 1.025957033254999919e-05
7.250000000000000000e+01 9.940833966844998736e-06
7.275000000000000000e+01 9.629494799909999009e-06
7.300000000000000000e+01 9.325431250610000274e-06
7.325000000000000000e+01 9.028515388635000651e-06
7.350000000000000000e+01 8.738620476860000830e-06
7.375000000000000000e+01 8.455630676330000526e-06
7.400000000000000000e+01 8.179419459794998396e-06
7.425000000000000000e+01 7.909876529730000259e-06
7.450000000000000000e+01 7.646875681909999454e-06
7.475000000000000000e+01 7.390310681624999660e-06
7.500000000000000000e+01 7.140060997480001199e-06
7.525000000000000000e+01 6.896020950295000079e-06
7.550000000000000000e+01 6.658076936009999247e-06
7.575000000000000000e+01 6.426121879684999396e-06
7.600000000000000000e+01 6.200050209815000125e-06
7.625000000000000000e+01 5.979753438545000253e-06
7.650000000000000000e+01 5.765132538089999954e-06
7.675000000000000000e+01 5.556080807635000684e-06
7.700000000000000000e+01 5.352503255564999405e-06
7.725000000000000000e+01 5.154295029826500449e-06
7.750000000000000000e+01 4.961364461983500319e-06
7.775000000000000000e+01 4.773609656993499983e-06
7.800000000000000000e+01 4.590941890692999663e-06
7.825000000000000000e+01 4.413261865780999744e-06
7.850000000000000000e+01 4.240483783861000133e-06
7.875000000000000000e+01 4.072511706909499381e-06
7.900000000000000000e+01 3.909261258314499797e-06
7.925000000000000000e+01 3.750640638167000128e-06
7.950000000000000000e+01 3.596567254522499912e-06
7.975000000000000000e+01 3.446952918672500414e-06
8.000000000000000000e+01 3.301715984643000119e-06
8.025000000000000000e+01 3.160772242736499998e-06
8.050000000000000000e+01 3.024041779670500071e-06
8.075000000000000000e+01 2.891443398092499863e-06
8.100000000000000000e+01 2.762899149040499644e-06
8.125000000000000000e+01 2.638330613979999956e-06
8.150000000000000000e+01 2.517662037489500219e-06
8.175000000000000000e+01 2.400817476172500195e-06
8.200000000000000000e+01 2.287723339094000106e-06
8.225000000000000000e+01 2.178306075797500239e-06
8.250000000000000000e+01 2.072494375101499627e-06
8.275000000000000000e+01 1.970216816470499922e-06
8.300000000000000000e+01 1.871404336101000044e-06
8.325000000000000000e+01 1.775987637939999857e-06
8.350000000000000000e+01 1.683899944325000076e-06
8.375000000000000000e+01 1.595073824279999979e-06
8.400000000000000000e+01 1.509444787633999975e-06
8.425000000000000000e+01 1.426947191399999905e-06
8.450000000000000000e+01 1.347518909512000181e-06
8.475000000000000000e+01 1.271095936737999976e-06
8.500000000000000000e+01 1.197618321535999958e-06
8.525000000000000000e+01 1.127024006277499868e-06
8.550000000000000000e+01 1.059254868997600189e-06
8.575000000000000000e+01 9.942508381751502355e-07
8.600000000000000000e+01 9.319555121413499075e-07
8.625000000000000000e+01 8.723107308070500887e-07
8.650000000000000000e+01 8.152618503069500725e-07
8.675000000000000000e+01 7.607525831989999410e-07
8.700000000000000000e+01 7.087299347097998915e-07
8.725000000000000000e+01 6.591393039491499930e-07
8.750000000000000000e+01 6.119293764248000070e-07
8.775000000000000000e+01 5.670477351547000607e-07
8.800000000000000000e+01 5.244440685315500098e-07
8.825000000000000000e+01 4.840681053243500658e-07
8.850000000000000000e+01 4.458707242236499846e-07
8.875000000000000000e+01 4.098036496980000201e-07
8.900000000000000000e+01 3.758189184807499924e-07
8.925000000000000000e+01 3.438701271838499890e-07
8.950000000000000000e+01 3.139107070085500103e-07
8.975000000000000000e+01 2.858958247822000178e-07
9.000000000000000000e+01 2.597803153026000243e-07
9.025000000000000000e+01 2.355208483211000388e-07
9.050000000000000000e+01 2.130737133320499754e-07
9.075000000000000000e+01 1.923969127383000134e-07
9.100000000000000000e+01 1.734484307547500350e-07
9.125000000000000000e+01 1.561872970179850105e-07
9.150000000000000000e+01 1.405731306311950218e-07
9.175000000000000000e+01 1.265661073083349888e-07
9.200000000000000000e+01 1.141273302743499940e-07
9.225000000000000000e+01 1.032181793197950052e-07
9.250000000000000000e+01 9.380111035742500339e-08
9.275000000000000000e+01 8.583874264114498861e-08
9.300000000000000000e+01 7.929474186489500250e-08
9.325000000000000000e+01 7.413313394403500044e-08
9.350000000000000000e+01 7.031862147436000762e-08
9.375000000000000000e+01 6.781654744525999689e-08
9.400000000000000000e+01 6.659274282776499576e-08
9.425000000000000000e+01 6.661374416527999176e-08
9.450000000000000000e+01 6.784654545461499963e-08
9.475000000000000000e+01 7.025874979983501088e-08
9.500000000000000000e+01 7.381858649535499341e-08
9.525000000000000000e+01 7.849466164990998748e-08
9.550000000000000000e+01 8.425633202831501126e-08
9.575000000000000000e+01 9.107332364653998861e-08
9.600000000000000000e+01 9.891595643140000415e-08
9.625000000000000000e+01 1.077551516234850106e-07
9.650000000000000000e+01 1.175620471850549963e-07
9.675000000000000000e+01 1.283087452127299846e-07
9.700000000000000000e+01 1.399673143446750169e-07
9.725000000000000000e+01 1.525107914071050162e-07
9.750000000000000000e+01 1.659124304629200047e-07
9.775000000000000000e+01 1.801459267983350116e-07
9.800000000000000000e+01 1.951858175556399644e-07
9.825000000000000000e+01 2.110063567382300279e-07
9.850000000000000000e+01 2.275831515453900082e-07
9.875000000000000000e+01 2.448915231087500144e-07
9.900000000000000000e+01 2.629076865409350262e-07
9.925000000000000000e+01 2.816082804874299793e-07
9.950000000000000000e+01 3.009697814997749830e-07
9.975000000000000000e+01 3.209701270759550117e-07
1.000000000000000000e+02 3.415864627347649842e-07
1.002500000000000000e+02 3.627974322688999743e-07
1.005000000000000000e+02 3.845816000061749765e-07
1.007500000000000000e+02 4.069175038064299878e-07
1.010000000000000000e+02 4.297852528545050693e-07
1.012500000000000000e+02 4.531637321836399734e-07
1.015000000000000000e+02 4.770337915140349851e-07
1.017500000000000000e+02 5.013758267358399212e-07
1.020000000000000000e+02 5.261702651043850195e-07
1.022500000000000000e+02 5.513991636116799282e-07
1.025000000000000000e+02 5.770431215930349540e-07
1.027500000000000000e+02 6.030850001664850704e-07
1.030000000000000000e+02 6.295069476868249964e-07
1.032500000000000000e+02 6.562909966275549802e-07
1.035000000000000000e+02 6.834212520971549999e-07
1.037500000000000000e+02 7.108797346471300067e-07
1.040000000000000000e+02 7.386511702728600396e-07
1.042500000000000000e+02 7.667193872317849800e-07
1.045000000000000000e+02 7.950679860297398942e-07
1.047500000000000000e+02 8.236826801871251507e-07
1.050000000000000000e+02 8.525472068143098645e-07
1.052500000000000000e+02 8.816477146211949344e-07
1.055000000000000000e+02 9.109697867910599796e-07
1.057500000000000000e+02 9.404982244888450021e-07
1.060000000000000000e+02 9.702203857957397905e-07
1.062500000000000000e+02 1.000121951055104861e-06
1.065000000000000000e+02 1.030189674987070070e-06
1.067500000000000000e+02 1.060411307258694960e-06
1.070000000000000000e+02 1.090772554511225008e-06
1.072500000000000000e+02 1.121262456722855097e-06
1.075000000000000000e+02 1.151868343033194985e-06
1.077500000000000000e+02 1.182577501425914986e-06
1.080000000000000000e+02 1.213379553960405074e-06
1.082500000000000000e+02 1.244261742212775118e-06
1.085000000000000000e+02 1.275213753666839926e-06
1.087500000000000000e+02 1.306224899234454792e-06
1.090000000000000000e+02 1.337282931799424732e-06
1.092500000000000000e+02 1.368379193058049827e-06
1.095000000000000000e+02 1.399502834945704889e-06
1.097500000000000000e+02 1.430642934500130187e-06
1.100000000000000000e+02 1.461791377593205000e-06
1.102500000000000000e+02 1.492937121791965018e-06
1.105000000000000000e+02 1.524071567300019951e-06
1.107500000000000000e+02 1.555186256007774984e-06
1.110000000000000000e+02 1.586270333052479851e-06
1.112500000000000000e+02 1.617317205586960168e-06
1.115000000000000000e+02 1.648317735324849650e-06
1.117500000000000000e+02 1.679262399615439777e-06
1.120000000000000000e+02 1.710145077165275272e-06
1.122500000000000000e+02 1.740956928390375641e-06
1.125000000000000000e+02 1.771689598969736339e-06
1.127500000000000000e+02 1.802337450331489936e-06
1.130000000000000000e+02 1.832891025909637373e-06
1.132500000000000000e+02 1.863344586770050537e-06
1.135000000000000000e+02 1.893691637488580060e-06
1.137500000000000000e+02 1.923923174226866669e-06
1.140000000000000000e+02 1.954035146880268893e-06
1.142500000000000000e+02 1.984020319959324204e-06
1.145000000000000000e+02 2.013870945098982001e-06
1.147500000000000000e+02 2.043583291778307936e-06
1.150000000000000000e+02 2.073150496502262061e-06
1.152500000000000000e+02 2.102565678382897226e-06
1.155000000000000000e+02 2.131825231770855261e-06
1.157500000000000000e+02 2.160922692640062645e-06
1.160000000000000000e+02 2.189851986178488148e-06
1.162500000000000000e+02 2.218610100514190534e-06
1.165000000000000000e+02 2.247189955190063542e-06
1.167500000000000000e+02 2.275587551999446488e-06
1.170000000000000000e+02 2.303799492426463440e-06
1.172500000000000000e+02 2.331818311950857050e-06
1.175000000000000000e+02 2.359642076730244030e-06
1.177500000000000000e+02 2.387266626021043109e-06
1.180000000000000000e+02 2.414685060574236198e-06
1.182500000000000000e+02 2.441896540140967476e-06
1.185000000000000000e+02 2.468896319734029091e-06
1.187500000000000000e+02 2.495678595868895347e-06
1.190000000000000000e+02 2.522242930523338300e-06
1.192500000000000000e+02 2.548584323220078251e-06
1.195000000000000000e+02 2.574697882961688002e-06
1.197500000000000000e+02 2.600583390769023992e-06
1.200000000000000000e+02 2.626236284119818591e-06
1.202500000000000000e+02 2.651651854457781080e-06
1.205000000000000000e+02 2.676830357319105098e-06
1.207500000000000000e+02 2.701767522222564091e-06
1.210000000000000000e+02 2.726458969112898681e-06
1.212500000000000000e+02 2.750905318533476402e-06
1.215000000000000000e+02 2.775102592000714042e-06
1.217500000000000000e+02 2.799046665000000410e-06
1.220000000000000000e+02 2.822738559499999628e-06
1.222500000000000000e+02 2.846174588999999575e-06
1.225000000000000000e+02 2.869350848000000007e-06
1.227500000000000000e+02 2.892268759999999999e-06
1.230000000000000000e+02 2.914924857500000261e-06
1.232500000000000000e+02 2.937315526999999491e-06
1.235000000000000000e+02 2.959442520500000232e-06
1.237500000000000000e+02 2.981302552999999991e-06
1.240000000000000000e+02 3.002892302999999796e-06
1.242500000000000000e+02 3.024213887500000020e-06
1.245000000000000000e+02 3.045264130999999890e-06
1.247500000000000000e+02 3.066040003999999800e-06
1.250000000000000000e+02 3.086544024999999939e-06
1.252500000000000000e+02 3.106772981999999666e-06
1.255000000000000000e+02 3.126724283499999904e-06
1.257500000000000000e+02 3.146400521000000153e-06
1.260000000000000000e+02 3.165799103000000067e-06
1.262500000000000000e+02 3.184917182499999799e-06
1.265000000000000000e+02 3.203757497000000015e-06
1.267500000000000000e+02 3.222318586500000079e-06
1.270000000000000000e+02 3.240596801000000089e-06
1.272500000000000000e+02 3.258595133500000210e-06
1.275000000000000000e+02 3.276313036499999885e-06
1.277500000000000000e+02 3.293746933000000220e-06
1.280000000000000000e+02 3.310899085999999789e-06
1.282500000000000000e+02 3.327769823999999943e-06
1.285000000000000000e+02 3.344356811000000255e-06
1.287500000000000000e+02 3.360660193000000195e-06
1.290000000000000000e+02 3.376681868000000085e-06
1.292500000000000000e+02 3.392420156999999656e-06
1.295000000000000000e+02 3.407874037999999648e-06
1.297500000000000000e+02 3.423046540500000093e-06
1.300000000000000000e+02 3.437936167999999638e-06
1.302500000000000000e+02 3.452541168499999551e-06
1.305000000000000000e+02 3.466865812499999601e-06
1.307500000000000000e+02 3.480908056000000419e-06
1.310000000000000000e+02 3.494666511999999833e-06
1.312500000000000000e+02 3.508145304999999411e-06
1.315000000000000000e+02 3.521343741499999972e-06
1.317500000000000000e+02 3.534259084000000003e-06
1.320000000000000000e+02 3.546895457000000226e-06
1.322500000000000000e+02 3.559253444499999794e-06
1.325000000000000000e+02 3.571331549999999896e-06
1.327500000000000000e+02 3.583130503500000428e-06
1.330000000000000000e+02 3.594653298000000281e-06
1.332500000000000000e+02 3.605899167000000117e-06
1.335000000000000000e+02 3.616867125000000120e-06
1.337500000000000000e+02 3.627561917000000031e-06
1.340000000000000000e+02 3.637981973500000034e-06
1.342500000000000000e+02 3.648126454999999360e-06
1.345000000000000000e+02 3.658000070000000425e-06
1.347500000000000000e+02 3.667602490000000184e-06
1.350000000000000000e+02 3.676932255000000541e-06
1.352500000000000000e+02 3.685992649999999753e-06
1.355000000000000000e+02 3.694785499999999677e-06
1.357500000000000000e+02 3.703310074999999993e-06
1.360000000000000000e+02 3.711567104999999751e-06
1.362500000000000000e+02 3.719560240000000119e-06
1.365000000000000000e+02 3.727289115000000303e-06
1.367500000000000000e+02 3.734752634999999614e-06
1.370000000000000000e+02 3.741956639999999754e-06
1.372500000000000000e+02 3.748900399999999981e-06
1.375000000000000000e+02 3.755582820000000029e-06
1.377500000000000000e+02 3.762007550000000220e-06
1.380000000000000000e+02 3.768176414999999870e-06
1.382500000000000000e+02 3.774090145000000144e-06
1.385000000000000000e+02 3.779747644999999928e-06
1.387500000000000000e+02 3.785155120000000027e-06
1.390000000000000000e+02 3.790310744999999854e-06
1.392500000000000000e+02 3.795214519999999834e-06
1.395000000000000000e+02 3.799871190000000133e-06
1.397500000000000000e+02 3.804281850000000169e-06
1.400000000000000000e+02 3.808446499999999943e-06
1.402500000000000000e+02 3.812365869999999773e-06
1.405000000000000000e+02 3.816044705000000249e-06
1.407500000000000000e+02 3.819482274999999782e-06
1.410000000000000000e+02 3.822678945000000013e-06
1.412500000000000000e+02 3.825639095000000314e-06
1.415000000000000000e+02 3.828363819999999256e-06
1.417500000000000000e+02 3.830853120000000229e-06
1.420000000000000000e+02 3.833108090000000109e-06
1.422500000000000000e+02 3.835133839999999859e-06
1.425000000000000000e+02 3.836929640000000428e-06
1.427500000000000000e+02 3.838495125000000601e-06
1.430000000000000000e+02 3.839836135000000384e-06
1.432500000000000000e+02 3.840953035000000150e-06
1.435000000000000000e+02 3.841845825000000745e-06
1.437500000000000000e+02 3.842516329999999789e-06
1.440000000000000000e+02 3.842969295000000414e-06
1.442500000000000000e+02 3.843203624999999812e-06
1.445000000000000000e+02 3.843220050000000419e-06
1.447500000000000000e+02 3.843023679999999807e-06
1.450000000000000000e+02 3.842615244999999567e-06
1.452500000000000000e+02 3.841994744999999697e-06
1.455000000000000000e+02 3.841164004999999513e-06
1.457500000000000000e+02 3.840128134999999974e-06
1.460000000000000000e+02 3.838886039999999968e-06
1.462500000000000000e+02 3.837438084999999866e-06
1.465000000000000000e+02 3.835789379999999781e-06
1.467500000000000000e+02 3.833941019999999979e-06
1.470000000000000000e+02 3.831893734999999510e-06
1.472500000000000000e+02 3.829647889999999590e-06
1.475000000000000000e+02 3.827209325000000228e-06
1.477500000000000000e+02 3.824578039999999732e-06
1.480000000000000000e+02 3.821753670000000270e-06
1.482500000000000000e+02 3.818739500000000100e-06
1.485000000000000000e+02 3.815539180000000393e-06
1.487500000000000000e+02 3.812153075000000249e-06
1.490000000000000000e+02 3.808580820000000567e-06
1.492500000000000000e+02 3.804827525000000191e-06
1.495000000000000000e+02 3.800895015000000130e-06
1.497500000000000000e+02 3.796782924999999587e-06
1.500000000000000000e+02 3.792492715000000049e-06
1.502500000000000000e+02 3.788029494999999934e-06
1.505000000000000000e+02 3.783393629999999614e-06
1.507500000000000000e+02 3.778584755000000412e-06
1.510000000000000000e+02 3.773605790000000213e-06
1.512500000000000000e+02 3.768461480000000455e-06
1.515000000000000000e+02 3.763150730000000025e-06
1.517500000000000000e+02 3.757674270000000088e-06
1.520000000000000000e+02 3.752036844999999963e-06
1.522500000000000000e+02 3.746239914999999864e-06
1.525000000000000000e+02 3.740284209999999686e-06
1.527500000000000000e+02 3.734169729999999853e-06
1.530000000000000000e+02 3.727902314999999527e-06
1.532500000000000000e+02 3.721482329999999925e-06
1.535000000000000000e+02 3.714910140000000148e-06
1.537500000000000000e+02 3.708187204999999563e-06
1.540000000000000000e+02 3.701319000000000349e-06
1.542500000000000000e+02 3.694304429999999698e-06
1.545000000000000000e+02 3.687144589999999995e-06
1.547500000000000000e+02 3.679842035000000025e-06
1.550000000000000000e+02 3.672400780000000483e-06
1.552500000000000000e+02 3.664820825000000098e-06
1.555000000000000000e+02 3.657101805000000193e-06
1.557500000000000000e+02 3.649248793500000166e-06
1.560000000000000000e+02 3.641263250499999810e-06
1.562500000000000000e+02 3.633145942499999732e-06
1.565000000000000000e+02 3.624896978999999961e-06
1.567500000000000000e+02 3.616521251000000132e-06
1.570000000000000000e+02 3.608019780499999929e-06
1.572500000000000000e+02 3.599393407000000546e-06
1.575000000000000000e+02 3.590642422500000076e-06
1.577500000000000000e+02 3.581771973500000195e-06
1.580000000000000000e+02 3.572782461499999871e-06
1.582500000000000000e+02 3.563674762500000164e-06
1.585000000000000000e+02 3.554449570000000255e-06
1.587500000000000000e+02 3.545111921000000098e-06
1.590000000000000000e+02 3.535661852000000409e-06
1.592500000000000000e+02 3.526100238999999705e-06
1.595000000000000000e+02 3.516428176999999948e-06
1.597500000000000000e+02 3.506650520500000059e-06
1.600000000000000000e+02 3.496766977499999826e-06
1.602500000000000000e+02 3.486778387499999595e-06
1.605000000000000000e+02 3.476686320000000454e-06
1.607500000000000000e+02 3.466495300999999973e-06
1.610000000000000000e+02 3.456204928999999608e-06
1.612500000000000000e+02 3.445816006999999413e-06
1.615000000000000000e+02 3.435330250499999947e-06
1.617500000000000000e+02 3.424752149000000184e-06
1.620000000000000000e+02 3.414081045499999964e-06
1.622500000000000000e+02 3.403317852499999791e-06
1.625000000000000000e+02 3.392464321999999669e-06
1.627500000000000000e+02 3.381524833999999815e-06
1.630000000000000000e+02 3.370498694999999778e-06
1.632500000000000000e+02 3.359386708000000037e-06
1.635000000000000000e+02 3.348190807500000355e-06
1.637500000000000000e+02 3.336915118000000183e-06
1.640000000000000000e+02 3.325558982500000208e-06
1.642500000000000000e+02 3.314123313500000088e-06
1.645000000000000000e+02 3.302609826499999957e-06
1.647500000000000000e+02 3.291022609500000246e-06
1.650000000000000000e+02 3.279361078500000105e-06
1.652500000000000000e+02 3.267626146000000040e-06
1.655000000000000000e+02 3.255819308500000132e-06
1.657500000000000000e+02 3.243944617500000096e-06
1.660000000000000000e+02 3.232001671499999694e-06
1.662500000000000000e+02 3.219991382999999428e-06
1.665000000000000000e+02 3.207914846999999990e-06
1.667500000000000000e+02 3.195776261000000142e-06
1.670000000000000000e+02 3.183575259999999935e-06
1.672500000000000000e+02 3.171312902499999769e-06
1.675000000000000000e+02 3.158989809000000359e-06
1.677500000000000000e+02 3.146610177000000044e-06
1.680000000000000000e+02 3.134173970000000650e-06
1.682500000000000000e+02 3.121682173499999452e-06
1.685000000000000000e+02 3.109135042999999760e-06
1.687500000000000000e+02 3.096536666499999885e-06
1.690000000000000000e+02 3.083887445500000066e-06
1.692500000000000000e+02 3.071188146499999643e-06
1.695000000000000000e+02 3.058438952000000072e-06
1.697500000000000000e+02 3.045643585000000141e-06
1.700000000000000000e+02 3.032802921500000485e-06
1.702500000000000000e+02 3.019917545500000260e-06
1.705000000000000000e+02 3.006987566499999492e-06
1.707500000000000000e+02 2.994016123499999933e-06
1.710000000000000000e+02 2.981005114499999361e-06
1.712500000000000000e+02 2.967954429999999868e-06
1.715000000000000000e+02 2.954864361999999548e-06
1.717500000000000000e+02 2.941737100500000205e-06
1.720000000000000000e+02 2.928575821000000494e-06
1.722500000000000000e+02 2.915379684000000069e-06
1.725000000000000000e+02 2.902149675000000016e-06
1.727500000000000000e+02 2.888886852500000311e-06
1.730000000000000000e+02 2.875594720500000113e-06
1.732500000000000000e+02 2.862272913999999897e-06
1.735000000000000000e+02 2.848922345500000167e-06
1.737500000000000000e+02 2.835543306999999441e-06
1.740000000000000000e+02 2.822139302500000266e-06
1.742500000000000000e+02 2.808710733499999917e-06
1.745000000000000000e+02 2.795258074500000060e-06
1.747500000000000000e+02 2.781781617500000063e-06
1.750000000000000000e+02 2.768284100000000589e-06
1.752500000000000000e+02 2.754767091500000187e-06
1.755000000000000000e+02 2.741230445999999808e-06
1.757500000000000000e+02 2.727674419000000220e-06
1.760000000000000000e+02 2.714100835499999892e-06
1.762500000000000000e+02 2.700512651999999965e-06
1.765000000000000000e+02 2.686909138500000121e-06
1.767500000000000000e+02 2.673291207500000017e-06
1.770000000000000000e+02 2.659659369999999919e-06
1.772500000000000000e+02 2.646016764999999885e-06
1.775000000000000000e+02 2.632363465500000072e-06
1.777500000000000000e+02 2.618700055500000059e-06
1.780000000000000000e+02 2.605026717500000031e-06
1.782500000000000000e+02 2.591345933499999887e-06
1.785000000000000000e+02 2.577659199999999707e-06
1.787500000000000000e+02 2.563966042499999940e-06
1.790000000000000000e+02 2.550267081500000033e-06
1.792500000000000000e+02 2.536563667500000172e-06
1.795000000000000000e+02 2.522858465000000017e-06
1.797500000000000000e+02 2.509150999500000018e-06
1.800000000000000000e+02 2.495442037499999937e-06
1.802500000000000000e+02 2.481731761499999960e-06
1.805000000000000000e+02 2.468022945499999773e-06
1.807500000000000000e+02 2.454316100500000065e-06
1.810000000000000000e+02 2.440611445500000044e-06
1.812500000000000000e+02 2.426909126500000026e-06
1.815000000000000000e+02 2.413210603500000225e-06
1.817500000000000000e+02 2.399518358500000116e-06
1.820000000000000000e+02 2.385831624999999936e-06
1.822500000000000000e+02 2.372151278999999898e-06
1.825000000000000000e+02 2.358477539500000054e-06
1.827500000000000000e+02 2.344813071000000066e-06
1.830000000000000000e+02 2.331158056000000119e-06
1.832500000000000000e+02 2.317512786500000001e-06
1.835000000000000000e+02 2.303877408500000030e-06
1.837500000000000000e+02 2.290253345499999705e-06
1.840000000000000000e+02 2.276642714500000248e-06
1.842500000000000000e+02 2.263044785500000068e-06
1.845000000000000000e+02 2.249460397999999936e-06
1.847500000000000000e+02 2.235889734500000035e-06
1.850000000000000000e+02 2.222335276999999841e-06
1.852500000000000000e+02 2.208797171499999672e-06
1.855000000000000000e+02 2.195275673499999871e-06
1.857500000000000000e+02 2.181770819499999884e-06
1.860000000000000000e+02 2.168283740999999843e-06
1.862500000000000000e+02 2.154816701000000019e-06
1.865000000000000000e+02 2.141368933000000222e-06
1.867500000000000000e+02 2.127941240000000086e-06
1.870000000000000000e+02 2.114533622000000032e-06
1.872500000000000000e+02 2.101148232500000303e-06
1.875000000000000000e+02 2.087785546000000026e-06
1.877500000000000000e+02 2.074445343499999993e-06
1.880000000000000000e+02 2.061127989999999731e-06
1.882500000000000000e+02 2.047834361499999874e-06
1.885000000000000000e+02 2.034566429000000056e-06
1.887500000000000000e+02 2.021323863999999773e-06
1.890000000000000000e+02 2.008107031500000243e-06
1.892500000000000000e+02 1.994916077500000090e-06
1.895000000000000000e+02 1.981752242999999899e-06
1.897500000000000000e+02 1.968616987999999882e-06
1.900000000000000000e+02 1.955509546000000278e-06
1.902500000000000000e+02 1.942430793000000028e-06
1.905000000000000000e+02 1.929380692499999689e-06
1.907500000000000000e+02 1.916361215500000163e-06
1.910000000000000000e+02 1.903372617500000313e-06
1.912500000000000000e+02 1.890414715999999953e-06
1.915000000000000000e+02 1.877487620499999957e-06
1.917500000000000000e+02 1.864592243499999982e-06
1.920000000000000000e+02 1.851730264000000083e-06
1.922500000000000000e+02 1.838901353499999757e-06
1.925000000000000000e+02 1.826105767499999984e-06
1.927500000000000000e+02 1.813343615500000155e-06
1.930000000000000000e+02 1.800615773500000060e-06
1.932500000000000000e+02 1.787923665000000257e-06
1.935000000000000000e+02 1.775266705999999685e-06
1.937500000000000000e+02 1.762645480499999829e-06
1.940000000000000000e+02 1.750059915500000106e-06
1.942500000000000000e+02 1.737511434500000014e-06
1.945000000000000000e+02 1.725000767499999874e-06
1.947500000000000000e+02 1.712527111500000053e-06
1.950000000000000000e+02 1.700091305999999839e-06
1.952500000000000000e+02 1.687693387500000158e-06
1.955000000000000000e+02 1.675334889000000113e-06
1.957500000000000000e+02 1.663015956499999809e-06
1.960000000000000000e+02 1.650736334500000173e-06
1.962500000000000000e+02 1.638496095999999882e-06
1.965000000000000000e+02 1.626295970999999888e-06
1.967500000000000000e+02 1.614137237000000009e-06
1.970000000000000000e+02 1.602019711500000060e-06
1.972500000000000000e+02 1.589943504000000066e-06
1.975000000000000000e+02 1.577908468500000135e-06
1.977500000000000000e+02 1.565915262000000212e-06
1.980000000000000000e+02 1.553965271499999931e-06
1.982500000000000000e+02 1.542058022499999953e-06
1.985000000000000000e+02 1.530193770499999985e-06
1.987500000000000000e+02 1.518372442500000082e-06
1.990000000000000000e+02 1.506594622499999821e-06
1.992500000000000000e+02 1.494861514999999917e-06
1.995000000000000000e+02 1.483172608999999683e-06
1.997500000000000000e+02 1.471528160000000309e-06
2.000000000000000000e+02 1.459928168000000102e-06
2.002500000000000000e+02 1.448373326500000147e-06
2.005000000000000000e+02 1.436864474999999944e-06
2.007500000000000000e+02 1.425401102500000074e-06
2.010000000000000000e+02 1.413983610499999928e-06
2.012500000000000000e+02 1.402611889500000115e-06
2.015000000000000000e+02 1.391286669500000108e-06
2.017500000000000000e+02 1.380008680499999800e-06
2.020000000000000000e+02 1.368777374999999906e-06
2.022500000000000000e+02 1.357593081500000083e-06
2.025000000000000000e+02 1.346455800000000118e-06
2.027500000000000000e+02 1.335366260500000119e-06
2.030000000000000000e+02 1.324324973999999927e-06
2.032500000000000000e+02 1.313331393000000045e-06
2.035000000000000000e+02 1.302385992000000024e-06
2.037500000000000000e+02 1.291488588499999889e-06
2.040000000000000000e+02 1.280639949000000038e-06
2.042500000000000000e+02 1.269840511499999944e-06
2.045000000000000000e+02 1.259089764999999975e-06
2.047500000000000000e+02 1.248388074499999868e-06
2.050000000000000000e+02 1.237735330500000020e-06
2.052500000000000000e+02 1.227132153500000087e-06
2.055000000000000000e+02 1.216579018000000043e-06
2.057500000000000000e+02 1.206075449500000127e-06
2.060000000000000000e+02 1.195621703500000047e-06
2.062500000000000000e+02 1.185217706999999856e-06
2.065000000000000000e+02 1.174863934499999952e-06
2.067500000000000000e+02 1.164560970000000124e-06
2.070000000000000000e+02 1.154308266000000027e-06
2.072500000000000000e+02 1.144106078000000006e-06
2.075000000000000000e+02 1.133954259999999955e-06
2.077500000000000000e+02 1.123853213499999899e-06
2.080000000000000000e+02 1.113803558999999921e-06
2.082500000000000000e+02 1.103804821999999834e-06
2.085000000000000000e+02 1.093857148500000167e-06
2.087500000000000000e+02 1.083960392499999968e-06
2.090000000000000000e+02 1.074114736500000057e-06
2.092500000000000000e+02 1.064321019999999932e-06
2.095000000000000000e+02 1.054578731999999964e-06
2.097500000000000000e+02 1.044887981999999967e-06
2.100000000000000000e+02 1.035248441499999861e-06
2.102500000000000000e+02 1.025660438999999939e-06
2.105000000000000000e+02 1.016124668000000015e-06
2.107500000000000000e+02 1.006640836499999878e-06
2.110000000000000000e+02 9.972087254999998970e-07
2.112500000000000000e+02 9.878281524999998878e-07
2.115000000000000000e+02 9.784994459999999297e-07
2.117500000000000000e+02 9.692231170000000765e-07
2.120000000000000000e+02 9.599991290000000369e-07
2.122500000000000000e+02 9.508267884999999952e-07
2.125000000000000000e+02 9.417065335000000579e-07
2.127500000000000000e+02 9.326381815000000395e-07
2.130000000000000000e+02 9.236223164999998349e-07
2.132500000000000000e+02 9.146588655000000264e-07
2.135000000000000000e+02 9.057473175000000308e-07
2.137500000000000000e+02 8.968880010000000340e-07
2.140000000000000000e+02 8.880806970000000886e-07
2.142500000000000000e+02 8.793256610000001155e-07
2.145000000000000000e+02 8.706231849999999035e-07
2.147500000000000000e+02 8.619728309999999812e-07
2.150000000000000000e+02 8.533746355000000046e-07
2.152500000000000000e+02 8.448284889999999471e-07
2.155000000000000000e+02 8.363343550000000468e-07
2.157500000000000000e+02 8.278928174999999870e-07
2.160000000000000000e+02 8.195035114999999260e-07
2.162500000000000000e+02 8.111662180000001281e-07
2.165000000000000000e+02 8.028807544999999843e-07
2.167500000000000000e+02 7.946473034999999977e-07
2.170000000000000000e+02 7.864662300000001159e-07
2.172500000000000000e+02 7.783373879999999153e-07
2.175000000000000000e+02 7.702601569999999507e-07
2.177500000000000000e+02 7.622349020000000639e-07
2.180000000000000000e+02 7.542613675000000163e-07
2.182500000000000000e+02 7.463397724999999670e-07
2.185000000000000000e+02 7.384702265000000485e-07
2.187500000000000000e+02 7.306522914999999426e-07
2.190000000000000000e+02 7.228860404999999140e-07
2.192500000000000000e+02 7.151712544999999095e-07
2.195000000000000000e+02 7.075078970000000614e-07
2.197500000000000000e+02 6.998963695000000790e-07
2.200000000000000000e+02 6.923363434999999885e-07
2.202500000000000000e+02 6.848275270000000010e-07
2.205000000000000000e+02 6.773698104999999842e-07
2.207500000000000000e+02 6.699632305000000174e-07
2.210000000000000000e+02 6.626080059999999422e-07
2.212500000000000000e+02 6.553040275000000495e-07
2.215000000000000000e+02 6.480507474999999945e-07
2.217500000000000000e+02 6.408483850000000422e-07
2.220000000000000000e+02 6.336967209999999275e-07
2.222500000000000000e+02 6.265956460000000473e-07
2.225000000000000000e+02 6.195454884999999522e-07
2.227500000000000000e+02 6.125458469999999327e-07
2.230000000000000000e+02 6.055965754999999885e-07
2.232500000000000000e+02 5.986973454999999339e-07
2.235000000000000000e+02 5.918483394999999545e-07
2.237500000000000000e+02 5.850495940000000239e-07
2.240000000000000000e+02 5.783010725000000625e-07
2.242500000000000000e+02 5.716021544999999901e-07
2.245000000000000000e+02 5.649530224999999922e-07
2.247500000000000000e+02 5.583534939999999891e-07
2.250000000000000000e+02 5.518034594999999542e-07
2.252500000000000000e+02 5.453030649999999935e-07
2.255000000000000000e+02 5.388520185000000009e-07
2.257500000000000000e+02 5.324501009999999229e-07
2.260000000000000000e+02 5.260970204999999710e-07
2.262500000000000000e+02 5.197928864999999600e-07
2.265000000000000000e+02 5.135376989999999958e-07
2.267500000000000000e+02 5.073313485000000517e-07
2.270000000000000000e+02 5.011733604999999417e-07
2.272500000000000000e+02 4.950638080000000366e-07
2.275000000000000000e+02 4.890024719999999654e-07
2.277500000000000000e+02 4.829891699999999661e-07
2.280000000000000000e+02 4.770241209999999861e-07
2.282500000000000000e+02 4.711069965000000513e-07
2.285000000000000000e+02 4.652374315000000024e-07
2.287500000000000000e+02 4.594153895000000247e-07
2.290000000000000000e+02 4.536406880000000383e-07
2.292500000000000000e+02 4.479133999999999906e-07
2.295000000000000000e+02 4.422334160000000666e-07
2.297500000000000000e+02 4.366002980000000010e-07
2.300000000000000000e+02 4.310140459999999525e-07
2.302500000000000000e+02 4.254743315000000002e-07
2.305000000000000000e+02 4.199810815000000380e-07
2.307500000000000000e+02 4.145344420000000133e-07
2.310000000000000000e+02 4.091340845000000048e-07
2.312500000000000000e+02 4.037796074999999856e-07
2.315000000000000000e+02 3.984710110000000615e-07
2.317500000000000000e+02 3.932081489999999147e-07
2.320000000000000000e+02 3.879908389999999949e-07
2.322500000000000000e+02 3.828190810000000374e-07
2.325000000000000000e+02 3.776926194999999624e-07
2.327500000000000000e+02 3.726111260000000076e-07
2.330000000000000000e+02 3.675744545000000140e-07
2.332500000000000000e+02 3.625825466000000556e-07
2.335000000000000000e+02 3.576352636000000105e-07
2.337500000000000000e+02 3.527324959999999579e-07
2.340000000000000000e+02 3.478739226000000667e-07
2.342500000000000000e+02 3.430594010500000376e-07
2.345000000000000000e+02 3.382886393500000291e-07
2.347500000000000000e+02 3.335615863999999932e-07
2.350000000000000000e+02 3.288781838000000042e-07
2.352500000000000000e+02 3.242382307999999955e-07
2.355000000000000000e+02 3.196413404999999613e-07
2.357500000000000000e+02 3.150874690999999967e-07
2.360000000000000000e+02 3.105763684000000061e-07
2.362500000000000000e+02 3.061078595499999814e-07
2.365000000000000000e+02 3.016819571499999436e-07
2.367500000000000000e+02 2.972984202999999930e-07
2.370000000000000000e+02 2.929568000499999676e-07
2.372500000000000000e+02 2.886571256000000155e-07
2.375000000000000000e+02 2.843991633500000093e-07
2.377500000000000000e+02 2.801826979500000203e-07
2.380000000000000000e+02 2.760077184499999928e-07
2.382500000000000000e+02 2.718739730000000243e-07
2.385000000000000000e+02 2.677810600999999819e-07
2.387500000000000000e+02 2.637289505499999821e-07
2.390000000000000000e+02 2.597174326500000086e-07
2.392500000000000000e+02 2.557463275500000003e-07
2.395000000000000000e+02 2.518155549500000258e-07
2.397500000000000000e+02 2.479248410999999658e-07
2.400000000000000000e+02 2.440738757499999917e-07
2.402500000000000000e+02 2.402625420999999869e-07
2.405000000000000000e+02 2.364906612999999697e-07
2.407500000000000000e+02 2.327580691000000059e-07
2.410000000000000000e+02 2.290646341000000108e-07
2.412500000000000000e+02 2.254100861999999892e-07
2.415000000000000000e+02 2.217941589499999910e-07
2.417500000000000000e+02 2.182166844499999841e-07
2.420000000000000000e+02 2.146775057499999922e-07
2.422500000000000000e+02 2.111764622500000203e-07
2.425000000000000000e+02 2.077133897000000020e-07
2.427500000000000000e+02 2.042880216499999872e-07
2.430000000000000000e+02 2.009001208500000152e-07
2.432500000000000000e+02 1.975494901999999852e-07
2.435000000000000000e+02 1.942359837000000028e-07
2.437500000000000000e+02 1.909594297999999910e-07
2.440000000000000000e+02 1.877196605999999971e-07
2.442500000000000000e+02 1.845164023499999812e-07
2.445000000000000000e+02 1.813494324000000301e-07
2.447500000000000000e+02 1.782185463499999796e-07
2.450000000000000000e+02 1.751236018500000066e-07
2.452500000000000000e+02 1.720644127500000130e-07
2.455000000000000000e+02 1.690408111499999933e-07
2.457500000000000000e+02 1.660525305999999973e-07
2.460000000000000000e+02 1.630993375000000036e-07
2.462500000000000000e+02 1.601810493500000117e-07
2.465000000000000000e+02 1.572974982500000163e-07
2.467500000000000000e+02 1.544484980499999985e-07
2.470000000000000000e+02 1.516338844999999977e-07
2.472500000000000000e+02 1.488534020999999871e-07
2.475000000000000000e+02 1.461068026499999769e-07
2.477500000000000000e+02 1.433939109500000040e-07
2.480000000000000000e+02 1.407145590999999833e-07
2.482500000000000000e+02 1.380685499999999992e-07
2.485000000000000000e+02 1.354557193999999854e-07
2.487500000000000000e+02 1.328758300500000077e-07
2.490000000000000000e+02 1.303286045499999809e-07
2.492500000000000000e+02 1.278139042000000213e-07
2.495000000000000000e+02 1.253315392000000122e-07
2.497500000000000000e+02 1.228813015000000087e-07
2.500000000000000000e+02 1.204630414500000188e-07
