# S1,S2,S2_raw
0.000000000000000000e+00 1.251860997191345177e+03 6.793483662888509116e+02
9.743830187475673199e+00 6.755226060132250495e+03 3.743200662718827061e+03
0.000000000000000000e+00 2.194197407414284271e+02 9.138212826002843769e+01
2.103976229051203184e+00 5.951609437576465098e+03 3.853692224249996343e+03
0.000000000000000000e+00 9.509557570772337840e+02 6.413167624287890476e+02
0.000000000000000000e+00 2.109149823306335747e+03 9.055538086569686129e+02
0.000000000000000000e+00 3.367387229219526716e+02 1.604961761956556359e+02
1.051609552488213950e+01 8.604351305022564702e+03 5.876715957419825827e+03
2.323497568500990873e+00 2.947590083888406298e+03 1.495159514759757258e+03
1.119946168362243810e+01 6.465019046908731070e+03 3.796100143879160441e+03
1.755136522926635934e+01 8.367640228198144541e+03 7.476488505625140533e+03
0.000000000000000000e+00 8.379793059034315093e+02 3.580542582954118416e+02
0.000000000000000000e+00 2.850693254105478445e+03 2.136183864953412012e+03
0.000000000000000000e+00 1.053908281357148326e+03 6.049218534820788591e+02
5.322936952225131080e+00 6.503106935580830395e+03 2.539969579880076253e+03
0.000000000000000000e+00 7.155064185021695948e+02 5.446802447719221618e+02
0.000000000000000000e+00 3.419128557640729014e+02 1.640374877081043508e+02
0.000000000000000000e+00 3.475854593722483060e+03 3.031365239764850685e+03
9.597242993262913302e+00 7.211529487011387573e+03 2.954912347860941281e+03
0.000000000000000000e+00 1.933832669057108433e+03 1.179133415878174674e+03
0.000000000000000000e+00 0.000000000000000000e+00 0.000000000000000000e+00
7.383899945608769499e+00 6.937903294022514274e+03 3.499933038779492563e+03
0.000000000000000000e+00 5.563522688641806781e+03 2.684652009163626644e+03
1.363387426295754601e+01 8.011547888285273075e+03 6.437230128810109818e+03
4.651616771054791322e+00 3.724930871250327982e+03 2.084823111046657232e+03
0.000000000000000000e+00 4.115952371024675926e+02 3.712789149269178210e+02
0.000000000000000000e+00 8.635420450809264139e+02 5.163639429665479383e+02
0.000000000000000000e+00 1.613876741143899153e+03 8.853355663295635622e+02
0.000000000000000000e+00 4.484774600510662822e+03 3.705123096202339184e+03
0.000000000000000000e+00 1.702176418237052758e+03 1.507820077398555668e+03
0.000000000000000000e+00 1.171465583265261557e+03 1.040902533880538385e+03
0.000000000000000000e+00 2.040187573744074371e+03 1.500864306628018994e+03
0.000000000000000000e+00 3.201806747557868675e+03 2.620378658561041902e+03
6.610834691678660668e+00 3.973809232108125798e+03 1.904576736604810094e+03
5.292146263168372222e+00 5.768483794349517666e+03 3.365885015911228038e+03
1.436592139409948743e+01 8.369226429214788368e+03 3.257785604120860626e+03
