keVee	105	180	290
0.20000	73.000	73.000	73.000						
1.0000	61.976	62.109	62.219						
1.3020	59.484	59.698	59.878						
1.4005	58.588	58.840	59.051						
1.5001	57.610	57.905	58.154						
1.5995	56.551	56.895	57.185						
1.6995	55.401	55.798	56.134						
1.7991	54.177	54.630	55.014						
1.9004	52.865	53.377	53.813						
2.0002	51.529	52.098	52.585						
2.0999	50.175	50.799	51.336						
2.2006	48.816	49.493	50.077						
2.3005	47.502	48.228	48.855						
2.3998	46.255	47.023	47.690						
2.5009	45.064	45.871	46.574						
2.6001	43.987	44.827	45.561						
2.6995	43.007	43.875	44.636						
2.7999	42.119	43.012	43.797						
2.9014	41.323	42.238	43.044						
2.9995	40.645	41.578	42.402						
3.0995	40.036	40.985	41.826						
3.1998	39.496	40.460	41.316						
3.2988	39.022	39.999	40.869						
3.3991	38.589	39.579	40.462						
3.4987	38.196	39.198	40.093						
3.6006	37.823	38.836	39.743						
3.6996	37.481	38.506	39.425						
3.8007	37.149	38.185	39.115						
3.8991	36.839	37.885	38.827						
3.9997	36.533	37.590	38.542						
4.1007	36.235	37.302	38.266						
4.1995	35.951	37.029	38.004						
4.2997	35.671	36.760	37.746						
4.4001	35.399	36.497	37.494						
4.4999	35.134	36.243	37.251						
4.5999	34.877	35.996	37.014						
4.6991	34.627	35.756	36.786						
4.7984	34.384	35.523	36.563						
4.9000	34.141	35.290	36.342						
5.0008	33.906	35.066	36.128						
5.0997	33.681	34.851	35.924						
5.1990	33.460	34.640	35.724						
5.3006	33.240	34.430	35.525						
5.4002	33.030	34.230	35.335						
5.4995	32.825	34.035	35.151						
5.5998	32.622	33.843	34.970						
5.7012	32.423	33.653	34.792						
5.7990	32.235	33.475	34.624						
5.8985	32.048	33.298	34.458						
6.0005	31.860	33.121	34.292						
6.1004	31.681	32.952	34.134						
6.1994	31.508	32.789	33.981						
6.2993	31.336	32.627	33.831						
6.3993	31.169	32.470	33.684						
6.4999	31.004	32.315	33.541						
6.6000	30.844	32.165	33.402						
6.7006	30.686	32.018	33.265						
6.8007	30.533	31.875	33.133						
6.9002	30.384	31.736	33.005						
6.9994	30.238	31.601	32.881						
7.0998	30.094	31.467	32.758						
7.1995	29.954	31.338	32.640						
7.2988	29.818	31.212	32.525						
7.3991	29.683	31.087	32.411						
7.4995	29.551	30.966	32.301						
7.5998	29.422	30.847	32.193						
7.6989	29.297	30.732	32.090						
7.8003	29.172	30.618	31.986						
7.9003	29.052	30.508	31.887						
7.9991	28.935	30.401	31.792						
8.1012	28.817	30.294	31.695						
8.2010	28.704	30.191	31.604						
8.3002	28.594	30.092	31.515						
8.4012	28.484	29.993	31.427						
8.5002	28.379	29.898	31.343						
8.6007	28.275	29.804	31.260						
8.7001	28.173	29.713	31.180						
8.8001	28.073	29.624	31.102						
8.9009	27.975	29.536	31.025						
8.9998	27.880	29.451	30.951						
9.1009	27.785	29.367	30.878						
9.1996	27.694	29.286	30.808						
9.3002	27.604	29.206	30.739						
9.3989	27.517	29.130	30.673						
9.5003	27.429	29.053	30.607						
9.6012	27.343	28.978	30.543						
9.7006	27.261	28.906	30.482						
9.7994	27.180	28.836	30.423						
9.8995	27.101	28.766	30.364						
9.9995	27.022	28.699	30.307						
10.100	26.945	28.632	30.252						
10.200	26.870	28.567	30.198						
10.298	26.798	28.506	30.147						
10.401	26.724	28.442	30.094						
10.499	26.655	28.383	30.046						
10.599	26.586	28.324	29.998						
10.701	26.517	28.266	29.950						
10.800	26.451	28.210	29.905						
10.900	26.386	28.156	29.861						
10.998	26.323	28.103	29.818						
11.099	26.260	28.050	29.776						
11.197	26.199	28.000	29.736						
11.301	26.137	27.948	29.695						
11.398	26.079	27.901	29.658						
11.502	26.019	27.851	29.619						
11.600	25.963	27.806	29.584						
11.700	25.908	27.761	29.549						
11.801	25.853	27.716	29.514						
11.900	25.800	27.673	29.482						
11.999	25.748	27.631	29.450						
12.098	25.697	27.590	29.419						
12.200	25.645	27.549	29.389						
12.300	25.596	27.510	29.359						
12.400	25.548	27.471	29.331						
12.500	25.500	27.434	29.304						
12.599	25.454	27.398	29.277						
12.700	25.408	27.362	29.251						
12.798	25.364	27.328	29.227						
12.899	25.320	27.293	29.203						
12.997	25.277	27.261	29.180						
13.100	25.234	27.227	29.156						
13.199	25.192	27.196	29.135						
13.300	25.152	27.165	29.114						
13.398	25.112	27.136	29.094						
13.502	25.072	27.105	29.073						
13.602	25.033	27.077	29.054						
13.699	24.997	27.050	29.036						
13.799	24.960	27.022	29.019						
13.901	24.923	26.995	29.001						
13.999	24.888	26.970	28.985						
14.490	24.724	26.852	28.913						
14.984	24.573	26.748	28.854						
15.491	24.433	26.655	28.806						
15.991	24.307	26.574	28.769						
16.472	24.197	26.507	28.742						
16.964	24.095	26.447	28.723						
17.481	23.997	26.393	28.710						
18.004	23.907	26.346	28.705						
19.000	23.758	26.278	28.711						
20.000	23.634	26.230	28.735