5.000000000000000000e-01 3.637801200000000179e+00
1.000000000000000000e+00 3.635052799999999973e+00
1.500000000000000000e+00 3.635000000000000231e+00
2.000000000000000000e+00 3.635000000000000231e+00
2.500000000000000000e+00 3.635000000000000231e+00
3.000000000000000000e+00 3.635172600000000198e+00
3.500000000000000000e+00 3.647313600000000378e+00
4.000000000000000000e+00 3.659454599999999669e+00
4.500000000000000000e+00 3.671595799999999965e+00
5.000000000000000000e+00 3.683736800000000144e+00
5.500000000000000000e+00 3.637324200000000118e+00
6.000000000000000000e+00 3.588588999999999807e+00
6.500000000000000000e+00 3.562698000000000143e+00
7.000000000000000000e+00 3.538216200000000367e+00
7.500000000000000000e+00 3.526564399999999821e+00
8.000000000000000000e+00 3.514912800000000281e+00
8.500000000000000000e+00 3.503260999999999736e+00
9.000000000000000000e+00 3.491609400000000196e+00
9.500000000000000000e+00 3.491600000000000037e+00
1.000000000000000000e+01 3.491600000000000037e+00
1.050000000000000000e+01 3.484647200000000389e+00
1.100000000000000000e+01 3.477694399999999852e+00
1.150000000000000000e+01 3.470741400000000088e+00
1.200000000000000000e+01 3.463788599999999995e+00
1.250000000000000000e+01 3.456835799999999903e+00
1.300000000000000000e+01 3.449883000000000255e+00
1.350000000000000000e+01 3.442930000000000490e+00
1.400000000000000000e+01 3.435977199999999510e+00
1.450000000000000000e+01 3.429024399999999861e+00
1.500000000000000000e+01 3.422071599999999769e+00
1.550000000000000000e+01 3.415118600000000004e+00
1.600000000000000000e+01 3.408165799999999912e+00
1.650000000000000000e+01 3.401213000000000264e+00
1.700000000000000000e+01 3.394260200000000172e+00
1.750000000000000000e+01 3.387307199999999519e+00
1.800000000000000000e+01 3.380354399999999870e+00
1.850000000000000000e+01 3.373401599999999778e+00
1.900000000000000000e+01 3.366448800000000130e+00
1.950000000000000000e+01 3.359495799999999921e+00
2.000000000000000000e+01 3.353057600000000082e+00
2.050000000000000000e+01 3.349490000000000300e+00
2.100000000000000000e+01 3.345922199999999513e+00
2.150000000000000000e+01 3.342354599999999731e+00
2.200000000000000000e+01 3.338786999999999949e+00
2.250000000000000000e+01 3.335219200000000050e+00
2.300000000000000000e+01 3.331651599999999824e+00
2.350000000000000000e+01 3.328084000000000042e+00
2.400000000000000000e+01 3.324516200000000143e+00
2.450000000000000000e+01 3.320948600000000361e+00
2.500000000000000000e+01 3.317380999999999691e+00
2.550000000000000000e+01 3.313813200000000236e+00
2.600000000000000000e+01 3.310245600000000010e+00
2.650000000000000000e+01 3.301389400000000141e+00
2.700000000000000000e+01 3.289696399999999965e+00
2.750000000000000000e+01 3.278003399999999790e+00
2.800000000000000000e+01 3.266310400000000058e+00
2.850000000000000000e+01 3.254617399999999883e+00
2.900000000000000000e+01 3.242924400000000151e+00
2.950000000000000000e+01 3.231231399999999976e+00
3.000000000000000000e+01 3.220603600000000011e+00
3.050000000000000000e+01 3.216406399999999888e+00
3.100000000000000000e+01 3.212209000000000092e+00
3.150000000000000000e+01 3.208011799999999969e+00
3.200000000000000000e+01 3.203814600000000290e+00
3.250000000000000000e+01 3.199617200000000494e+00
3.300000000000000000e+01 3.195420000000000371e+00
3.350000000000000000e+01 3.191222800000000248e+00
3.400000000000000000e+01 3.187025400000000008e+00
3.450000000000000000e+01 3.182828199999999885e+00
3.500000000000000000e+01 3.178630999999999762e+00
3.550000000000000000e+01 3.174433599999999966e+00
3.600000000000000000e+01 3.170236399999999843e+00
3.650000000000000000e+01 3.166039200000000164e+00
3.700000000000000000e+01 3.161841800000000369e+00
3.750000000000000000e+01 3.157644600000000246e+00
3.800000000000000000e+01 3.153447400000000123e+00
3.850000000000000000e+01 3.149249999999999883e+00
3.900000000000000000e+01 3.145052799999999760e+00
3.950000000000000000e+01 3.140855599999999637e+00
4.000000000000000000e+01 3.136658400000000402e+00
4.050000000000000000e+01 3.127090600000000276e+00
4.100000000000000000e+01 3.116524000000000072e+00
4.150000000000000000e+01 3.105957399999999868e+00
4.200000000000000000e+01 3.095390799999999665e+00
4.250000000000000000e+01 3.084823999999999788e+00
4.300000000000000000e+01 3.074257400000000029e+00
4.350000000000000000e+01 3.063690800000000269e+00
4.400000000000000000e+01 3.053124200000000066e+00
4.450000000000000000e+01 3.042557400000000190e+00
4.500000000000000000e+01 3.031990799999999986e+00
4.550000000000000000e+01 3.021424199999999782e+00
4.600000000000000000e+01 3.010857600000000023e+00
4.650000000000000000e+01 3.000291000000000263e+00
4.700000000000000000e+01 2.989724199999999943e+00
4.750000000000000000e+01 2.979157600000000183e+00
4.800000000000000000e+01 2.968590999999999980e+00
4.850000000000000000e+01 2.958024399999999776e+00
4.900000000000000000e+01 2.947457800000000017e+00
4.950000000000000000e+01 2.936891000000000140e+00
5.000000000000000000e+01 2.927455600000000047e+00
5.050000000000000000e+01 2.918856400000000129e+00
5.100000000000000000e+01 2.910257000000000094e+00
5.150000000000000000e+01 2.901657800000000176e+00
5.200000000000000000e+01 2.893058600000000258e+00
5.250000000000000000e+01 2.884459399999999896e+00
5.300000000000000000e+01 2.875859999999999861e+00
5.350000000000000000e+01 2.867260799999999943e+00
5.400000000000000000e+01 2.858661600000000025e+00
5.450000000000000000e+01 2.850062199999999990e+00
5.500000000000000000e+01 2.841463000000000072e+00
5.550000000000000000e+01 2.832863800000000154e+00
5.600000000000000000e+01 2.824264400000000119e+00
5.650000000000000000e+01 2.815665200000000201e+00
5.700000000000000000e+01 2.807066000000000283e+00
5.750000000000000000e+01 2.798466799999999921e+00
5.800000000000000000e+01 2.789867399999999886e+00
5.850000000000000000e+01 2.781268199999999968e+00
5.900000000000000000e+01 2.772668999999999606e+00
5.950000000000000000e+01 2.764069600000000015e+00
6.000000000000000000e+01 2.755470400000000097e+00
6.050000000000000000e+01 2.746871199999999735e+00
6.100000000000000000e+01 2.740318799999999833e+00
6.150000000000000000e+01 2.736441200000000240e+00
6.200000000000000000e+01 2.732563600000000203e+00
6.250000000000000000e+01 2.728686000000000167e+00
6.300000000000000000e+01 2.724808399999999686e+00
6.350000000000000000e+01 2.720930599999999977e+00
6.400000000000000000e+01 2.717052999999999940e+00
6.450000000000000000e+01 2.713175399999999904e+00
6.500000000000000000e+01 2.709297799999999867e+00
6.550000000000000000e+01 2.705420199999999831e+00
6.600000000000000000e+01 2.701542400000000121e+00
6.650000000000000000e+01 2.697664800000000085e+00
6.700000000000000000e+01 2.693787200000000048e+00
6.750000000000000000e+01 2.689909600000000012e+00
6.800000000000000000e+01 2.686031999999999975e+00
6.850000000000000000e+01 2.682154199999999822e+00
6.900000000000000000e+01 2.678276599999999785e+00
6.950000000000000000e+01 2.674398999999999749e+00
7.000000000000000000e+01 2.670521400000000156e+00
7.050000000000000000e+01 2.664454200000000217e+00
7.100000000000000000e+01 2.657255000000000145e+00
7.150000000000000000e+01 2.650055999999999745e+00
7.200000000000000000e+01 2.642856999999999790e+00
7.250000000000000000e+01 2.635657799999999717e+00
7.300000000000000000e+01 2.628458800000000206e+00
7.350000000000000000e+01 2.621259799999999807e+00
7.400000000000000000e+01 2.614060799999999851e+00
7.450000000000000000e+01 2.606861599999999779e+00
7.500000000000000000e+01 2.599662599999999824e+00
7.550000000000000000e+01 2.592463600000000312e+00
7.600000000000000000e+01 2.585264400000000240e+00
7.650000000000000000e+01 2.578065399999999840e+00
7.700000000000000000e+01 2.570866399999999885e+00
7.750000000000000000e+01 2.563667199999999813e+00
7.800000000000000000e+01 2.556468199999999857e+00
7.850000000000000000e+01 2.549269199999999902e+00
7.900000000000000000e+01 2.542070199999999947e+00
7.950000000000000000e+01 2.534870999999999874e+00
8.000000000000000000e+01 2.527504200000000090e+00
8.050000000000000000e+01 2.519737600000000022e+00
8.100000000000000000e+01 2.511970999999999954e+00
8.150000000000000000e+01 2.504204200000000213e+00
8.200000000000000000e+01 2.496437600000000145e+00
8.250000000000000000e+01 2.488671000000000078e+00
8.300000000000000000e+01 2.480904400000000010e+00
8.350000000000000000e+01 2.473137599999999825e+00
8.400000000000000000e+01 2.465370999999999757e+00
8.450000000000000000e+01 2.457604399999999689e+00
8.500000000000000000e+01 2.449837800000000065e+00
8.550000000000000000e+01 2.442071000000000325e+00
8.600000000000000000e+01 2.434304400000000257e+00
8.650000000000000000e+01 2.426537800000000189e+00
8.700000000000000000e+01 2.418771200000000121e+00
8.750000000000000000e+01 2.411004600000000053e+00
8.800000000000000000e+01 2.403237799999999869e+00
8.850000000000000000e+01 2.395471199999999801e+00
8.900000000000000000e+01 2.387704599999999733e+00
8.950000000000000000e+01 2.379937999999999665e+00
9.000000000000000000e+01 2.372171199999999924e+00
9.050000000000000000e+01 2.364611399999999808e+00
9.100000000000000000e+01 2.358458399999999955e+00
9.150000000000000000e+01 2.352305400000000102e+00
9.200000000000000000e+01 2.346152599999999921e+00
9.250000000000000000e+01 2.339999600000000068e+00
9.300000000000000000e+01 2.333846599999999771e+00
9.350000000000000000e+01 2.327693600000000362e+00
9.400000000000000000e+01 2.321540600000000065e+00
9.450000000000000000e+01 2.315387600000000212e+00
9.500000000000000000e+01 2.309234800000000032e+00
9.550000000000000000e+01 2.303081800000000179e+00
9.600000000000000000e+01 2.296928799999999882e+00
9.650000000000000000e+01 2.290775800000000029e+00
9.700000000000000000e+01 2.284622800000000176e+00
9.750000000000000000e+01 2.278469999999999995e+00
9.800000000000000000e+01 2.272317000000000142e+00
9.850000000000000000e+01 2.266163999999999845e+00
9.900000000000000000e+01 2.260010999999999992e+00
9.950000000000000000e+01 2.253857999999999695e+00
1.000000000000000000e+02 2.247704999999999842e+00
1.005000000000000000e+02 2.241521399999999886e+00
1.010000000000000000e+02 2.234606000000000314e+00
1.015000000000000000e+02 2.227690400000000182e+00
1.020000000000000000e+02 2.220774999999999721e+00
1.025000000000000000e+02 2.213859400000000033e+00
1.030000000000000000e+02 2.206944000000000017e+00
1.035000000000000000e+02 2.200028399999999884e+00
1.040000000000000000e+02 2.193112999999999868e+00
1.045000000000000000e+02 2.186197600000000296e+00
1.050000000000000000e+02 2.179282000000000163e+00
1.055000000000000000e+02 2.172366599999999703e+00
1.060000000000000000e+02 2.165451000000000015e+00
1.065000000000000000e+02 2.158535599999999999e+00
1.070000000000000000e+02 2.151620199999999983e+00
1.075000000000000000e+02 2.144704600000000294e+00
1.080000000000000000e+02 2.137789199999999834e+00
1.085000000000000000e+02 2.130873600000000145e+00
1.090000000000000000e+02 2.123958200000000129e+00
1.095000000000000000e+02 2.117042599999999997e+00
1.100000000000000000e+02 2.110127199999999981e+00
1.105000000000000000e+02 2.103211799999999965e+00
1.110000000000000000e+02 2.096296200000000276e+00
1.115000000000000000e+02 2.089380799999999816e+00
1.120000000000000000e+02 2.082465199999999683e+00
1.125000000000000000e+02 2.075549800000000111e+00
1.130000000000000000e+02 2.068634199999999979e+00
1.135000000000000000e+02 2.061718799999999963e+00
1.140000000000000000e+02 2.054803399999999947e+00
1.145000000000000000e+02 2.047887799999999814e+00
1.150000000000000000e+02 2.040972400000000242e+00
1.155000000000000000e+02 2.034056800000000109e+00
1.160000000000000000e+02 2.027141400000000093e+00
1.165000000000000000e+02 2.020226000000000077e+00
1.170000000000000000e+02 2.013310399999999944e+00
1.175000000000000000e+02 2.006394999999999929e+00
1.180000000000000000e+02 1.999479460000000097e+00
1.185000000000000000e+02 1.992563979999999901e+00
1.190000000000000000e+02 1.985648499999999927e+00
1.195000000000000000e+02 1.978733020000000176e+00
1.200000000000000000e+02 1.971817520000000101e+00
1.205000000000000000e+02 1.964902040000000127e+00
1.210000000000000000e+02 1.957986559999999931e+00
1.215000000000000000e+02 1.951071080000000180e+00
1.220000000000000000e+02 1.944155599999999762e+00
1.225000000000000000e+02 1.937240120000000010e+00
1.230000000000000000e+02 1.930324619999999936e+00
1.235000000000000000e+02 1.923409139999999962e+00
1.240000000000000000e+02 1.916493660000000210e+00
1.245000000000000000e+02 1.909578180000000014e+00
1.250000000000000000e+02 1.902662700000000040e+00
1.255000000000000000e+02 1.895747199999999966e+00
1.260000000000000000e+02 1.888831719999999992e+00
1.265000000000000000e+02 1.881909359999999864e+00
1.270000000000000000e+02 1.874940040000000030e+00
1.275000000000000000e+02 1.867970719999999973e+00
1.280000000000000000e+02 1.861001400000000139e+00
1.285000000000000000e+02 1.854032059999999982e+00
1.290000000000000000e+02 1.847062739999999925e+00
1.295000000000000000e+02 1.840093420000000091e+00
1.300000000000000000e+02 1.833124100000000256e+00
1.305000000000000000e+02 1.826154779999999977e+00
1.310000000000000000e+02 1.819185439999999820e+00
1.315000000000000000e+02 1.812216119999999986e+00
1.320000000000000000e+02 1.805246799999999929e+00
1.325000000000000000e+02 1.798277480000000095e+00
1.330000000000000000e+02 1.791308159999999816e+00
1.335000000000000000e+02 1.784338820000000103e+00
1.340000000000000000e+02 1.777369499999999825e+00
1.345000000000000000e+02 1.770400179999999990e+00
1.350000000000000000e+02 1.763430859999999933e+00
1.355000000000000000e+02 1.756461540000000099e+00
1.360000000000000000e+02 1.749492199999999942e+00
1.365000000000000000e+02 1.742522880000000107e+00
1.370000000000000000e+02 1.735553560000000051e+00
1.375000000000000000e+02 1.728584239999999994e+00
1.380000000000000000e+02 1.721614919999999938e+00
1.385000000000000000e+02 1.714645580000000225e+00
1.390000000000000000e+02 1.707676259999999946e+00
1.395000000000000000e+02 1.700706940000000111e+00
1.400000000000000000e+02 1.693737620000000055e+00
1.405000000000000000e+02 1.686768300000000220e+00
1.410000000000000000e+02 1.679798960000000063e+00
1.415000000000000000e+02 1.672829639999999785e+00
1.420000000000000000e+02 1.665860319999999950e+00
1.425000000000000000e+02 1.658890999999999893e+00
1.430000000000000000e+02 1.651921680000000059e+00
1.435000000000000000e+02 1.644952360000000224e+00
1.440000000000000000e+02 1.637983020000000067e+00
1.445000000000000000e+02 1.631013699999999789e+00
1.450000000000000000e+02 1.624044379999999954e+00
1.455000000000000000e+02 1.617075059999999898e+00
1.460000000000000000e+02 1.610105740000000063e+00
1.465000000000000000e+02 1.603136399999999906e+00
1.470000000000000000e+02 1.596167080000000071e+00
1.475000000000000000e+02 1.589197760000000015e+00
1.480000000000000000e+02 1.582228440000000180e+00
