1.0    0.004481595
2.0    0.001106054
3.0    0.001021688
4.0    0.001078948
5.0    0.0005796971
6.0    0.0005508514
7.0    0.0005652013
8.0    0.0005293217
9.0    0.0004470504
10.0    0.0003580102
11.0    0.0003884429
12.0    0.0003331788
13.0    0.000283299
14.0    0.0002634967
15.0    0.0002152449
16.0    0.0002359225
17.0    0.0002117031
18.0    0.0002668215
19.0    0.000182959
20.0    0.0001665477
21.0    0.0001570399
22.0    0.0001783685
23.0    0.0001755892
24.0    0.0001421865
25.0    0.0002065524
26.0    0.0001143092
27.0    0.0001559466
28.0    0.0001588725
29.0    0.0001438514
30.0    0.0001260682
31.0    0.0001191334
32.0    0.0001137106
33.0    0.0001359859
34.0    0.0001206826
35.0    0.0001214891
36.0    9.145815e-05
37.0    6.678741e-05
38.0    7.991529e-05
39.0    6.000221e-05
40.0    0.0001022659
41.0    9.618159e-05
42.0    4.821658e-05
43.0    6.542692e-05
44.0    3.896457e-05
45.0    3.63195e-05
46.0    6.674864e-05
47.0    4.581592e-05
48.0    3.007296e-05
49.0    2.788574e-05
50.0    2.573404e-05
51.0    4.026738e-05
52.0    2.794179e-05
53.0    3.401399e-05
54.0    1.670459e-05
55.0    2.324605e-05
56.0    6.269159e-05
57.0    3.460284e-05
58.0    3.215362e-05
59.0    6.368777e-05
60.0    4.251912e-05
61.0    2.098486e-05
62.0    3.345448e-05
63.0    6.100653e-05
64.0    1.240641e-05
65.0    1.316177e-05
66.0    2.094412e-05
67.0    2.051202e-05
68.0    3.485245e-05
69.0    2.0862e-05
70.0    2.223651e-05
71.0    2.292865e-05
72.0    2.806301e-05
73.0    6.002796e-06
74.0    2.169101e-05
75.0    7.276284e-06
76.0    1.09273e-05
77.0    1.00745e-05
78.0    5.750249e-06
79.0    1.689522e-05
80.0    2.352173e-05
81.0    7.324186e-06
82.0    1.021235e-05
83.0    2.207716e-05
84.0    3.148853e-06
85.0    5.126213e-06
86.0    1.793344e-05
87.0    1.334458e-05
88.0    1.185048e-05
89.0    8.56965e-06
90.0    6.288907e-06
91.0    8.752787e-07
92.0    1.322694e-06
93.0    5.748945e-06
94.0    2.240661e-06
95.0    4.04075e-08
96.0    6.040922e-06
97.0    2.953984e-06
98.0    4.699979e-06
99.0    1.376136e-06
100.0    1.779234e-07
