1    0.00220047
2    1.96902
3    0.523602
4    0.00408676
5    0
6    0.0279943
7    0.000642193
8    0.00316957
9    2.32869
10    0.0245163
11    0
12    0.00252671
13    0.14538
14    0.00252391
15    0
16    0
17    0.0019291
18    0
19    0.0044532
20    0.00160551
21    0
22    0.00256961
23    0
24    0.00252943
25    0
26    0.142977
27    0
28    0.00224651
29    0.00192949
30    0
31    0.00380892
32    0.0044552
33    0.00156001
34    0.00253049
35    2.32192
36    0.000962086
37    0.00156586
38    0
39    1.68975
40    1.68587
41    0.0270838
42    0.00445106
43    2.32445
44    0.0910891
45    0
46    0.00289105
47    0.00317169
48    0.00252377
49    0.000642556
50    0.000641061
51    0
52    0.000964981
53    0.00156404
54    0.234592
55    0.146999
56    0.0925719
57    0.0488709
58    0.00541748
59    0.00505945
60    0.00564614
61    0.0261278
62    0.000963936
63    0.00155982
64    0.000641341
65    0.00252697
66    0.00565016
67    0.00312327
68    0.00504765
69    0.00220309
70    0.00192668
71    0
72    0.00252577
73    0.000964742
74    0
75    0.000641333
76    0.00312328
77    0.144194
78    0
79    0.00504858
80    0.0236631
81    0.0016043
82    0.00348913
83    0.00289187
84    0.00220465
85    0
86    0.0025305
87    0.000965442
88    0
89    0.000965945
90    0.00256914
91    0.00160452
92    0.000643097
93    0.0025271
94    2.32616
95    0.000963783
96    0.000643354
97    0.0888775
98    0.000965084
99    0.169079
100    0.00381197
101    0.000963096
102    0.0019301
103    0.00569433
104    0.000644807
105    0.027656
106    0.00252932
107    0.00156172
108    0.525393
109    0.335443
110    0.00252434
111    0.000644885
112    0.0900677
113    0.025176
114    0.0044527
115    0.0236422
116    0.00353722
117    0.00156286
118    0
119    0
120    0
121    0.00473886
122    0.00256884
123    0.00192973
124    0.143308
125    0
126    0.00160687
127    0.000963149
128    0
129    0.000962086
130    0.167784
131    0.526672
132    0.52437
133    0.000963874
134    0.525843
135    0
136    0.00317067
137    0.170888
138    0.00312919
139    0.00413191
140    0.00349627
141    0.00156014
142    0.00252583
143    0.00252375
144    0.170055
145    0.00252222
146    0.00349584
147    0.0926403
148    0.00160488
149    0.00349286
150    0.00353351
151    0.00693476
152    0.031759
153    0.0136472
154    0.149995
155    0.12141
156    0.00445284
157    0.0292887
158    0.00854393
159    0.01015
160    1.7193
161    0.00927163
162    0.123103
163    0.00730841
164    0.0108339
165    0.0157141
166    0.0977642
167    0.0108319
168    0.155341
169    0.0183218
170    0.0170827
171    0.0212285
172    0.0292095
173    0.0332129
174    0.171492
175    0.0315696
176    2.46641
177    0.0239577
178    0.18665
179    0.0365283
180    0.207164
181    0.287388
182    0.0636546
183    0.127727
184    0.193764
185    0.13803
186    0.371422
187    0.793096
188    0.266001
189    0.205136
190    0.171516
191    0.456369
192    0.32351
193    0.594599
194    0.324763
195    0.400505
196    0.445021
197    0.417264
198    0.584601
199    2.43292
200    0.354543
201    0.761228
202    0.392459
203    0.520865
204    0.983691
205    0.422386
206    0.464599
207    0.802738
208    0.806142
209    0.34733
210    2.09431
211    1.14454
212    0.896268
213    1.06356
214    1.09155
215    0.56653
216    1.03064
217    1.3857
218    5.6013
219    1.47269
220    1.2219
221    1.41892
222    1.54324
223    3.61571
224    2.24301
225    1.47702
226    1.95003
227    3.26679
228    2.00205
229    2.28637
230    2.46098
231    2.03166
232    2.93691
233    2.54066
234    2.39393
235    2.67027
236    4.68933
237    3.01946
238    2.54158
239    45.258
240    3.67992
241    6.35606
242    25.6942
243    3.00368
244    2.36316
245    2.14823
246    5.33122
247    3.2825
248    4.60105
249    4.70855
250    8.69803
251    5.26716
252    6.30812
253    8.79006
254    3.9726
255    6.74328
256    7.11391
257    16.3501
258    6.38101
259    7.10871
260    10.7929
261    7.99247
262    4.48237
263    9.1683
264    7.68412
265    8.25808
266    7.89705
267    9.6256
268    6.18461
269    10.0527
270    6.56153
271    11.3473
272    7.9194
273    14.7154
274    13.9001
275    16.0042
276    6.63441
277    12.4607
278    12.3992
279    11.0114
280    17.755
281    12.8917
282    11.3803
283    10.5536
284    9.85253
285    7.35014
286    13.5309
287    15.0846
288    10.0383
289    13.488
290    10.9876
291    11.641
292    17.2417
293    18.2712
294    22.1882
295    16.7141
296    434.235
297    13.3801
298    12.3573
299    16.0323
300    22.4796
301    41.4779
302    24.8216
303    12.8096
304    19.7729
305    18.7475
306    26.2994
307    15.5797
308    19.7321
309    18.2041
310    17.6093
311    12.2532
312    12.5941
313    21.5407
314    32.4682
315    25.9285
316    26.9035
317    29.5306
318    25.0788
319    25.6506
320    24.3679
321    20.9158
322    21.4506
323    23.5018
324    25.5002
325    18.4104
326    20.897
327    25.7737
328    32.7238
329    48.3213
330    30.8327
331    34.1977
332    34.983
333    21.9779
334    23.0938
335    37.1831
336    33.482
337    31.3132
338    22.581
339    138.452
340    23.3259
341    36.7786
342    37.0805
343    37.4858
344    25.3556
345    49.3277
346    30.9526
347    34.197
348    30.2011
349    43.1252
350    35.6392
351    32.7939
352    2695.97
353    27.5026
354    38.6581
355    29.4229
356    32.1931
357    29.5738
358    27.859
359    36.84
360    27.7337
361    31.0802
362    38.0508
363    32.6877
364    24.9331
365    49.2695
366    42.6934
367    23.9477
368    30.5317
369    36.6901
370    72.5505
371    38.1547
372    68.2503
373    27.8776
374    34.8663
375    25.0402
376    34.5339
377    43.1973
378    41.8331
379    62.1687
380    38.6011
381    31.7692
382    41.7667
383    32.5803
384    38.2895
385    37.985
386    47.2959
387    42.5574
388    42.3888
389    33.6135
390    45.8741
391    41.7599
392    37.2895
393    35.3757
394    47.9618
395    51.864
396    39.5352
397    39.081
398    46.9414
399    42.0921
400    44.5232
401    51.0713
402    48.1565
403    36.1944
404    53.8486
405    45.2111
406    42.1266
407    41.9743
408    41.6974
409    39.2049
410    54.6602
411    44.1319
412    61.3508
413    55.0483
414    49.1376
415    63.0058
416    43.828
417    49.7134
418    51.4696
419    55.3989
420    53.8982
421    39.5471
422    49.3209
423    56.9305
424    52.034
425    62.0755
426    67.2832
427    64.2617
428    73.8624
429    47.9403
430    50.2432
431    64.8143
432    46.8577
433    77.8088
434    57.3777
435    57.0067
436    46.8426
437    47.017
438    52.9914
439    58.9674
440    59.6055
441    69.2652
442    57.0949
443    55.6662
444    45.1635
445    67.5847
446    64.716
447    57.4258
448    50.0758
449    45.251
450    62.4691
451    46.6382
452    49.1193
453    79.3235
454    58.7235
455    67.0884
456    58.8279
457    59.932
458    60.2605
459    136.47
460    78.154
461    87.7709
462    64.482
463    70.0046
464    93.1203
465    57.8783
466    63.3427
467    71.2869
468    76.1777
469    76.7796
470    76.8749
471    72.067
472    63.8743
473    81.4637
474    66.3066
475    62.2678
476    63.0669
477    74.6019
478    71.014
479    56.7648
480    76.2351
481    152.585
482    54.1483
483    72.4745
484    71.6108
485    59.2057
486    100.939
487    59.6777
488    128.394
489    66.6623
490    44.4619
491    62.9736
492    95.502
493    73.7071
494    81.5861
495    64.3133
496    84.2784
497    85.3842
498    79.3311
499    62.6988
500    96.9121
501    75.7901
502    84.0349
503    60.0637
504    62.1754
505    70.1072
506    74.7039
507    94.4835
508    66.5602
509    90.6125
510    70.7217
511    400.714
512    90.1509
513    74.346
514    105.221
515    66.1188
516    74.0098
517    72.4017
518    62.341
519    91.2221
520    97.1384
521    79.4997
522    102.274
523    75.2493
524    72.375
525    64.5536
526    72.5302
527    100.675
528    91.249
529    69.3815
530    85.944
531    69.6416
532    71.1217
533    72.9468
534    125.538
535    73.3835
536    88.5568
537    75.4979
538    91.0765
539    110.005
540    80.4703
541    69.3033
542    51.4351
543    97.1574
544    108.165
545    68.0371
546    86.1078
547    79.6567
548    85.6353
549    87.3795
550    111.913
551    68.443
552    83.1033
553    86.56
554    78.8821
555    104.653
556    72.5107
557    82.4765
558    84.437
559    75.1757
560    87.8938
561    88.9254
562    60.1289
563    99.5356
564    80.7031
565    65.4244
566    262.623
567    70.6368
568    91.2114
569    357.36
570    599.079
571    95.9403
572    98.6492
573    95.1776
574    63.7774
575    87.6391
576    70.1683
577    97.117
578    79.5384
579    77.6216
580    92.1188
581    155.885
582    101.733
583    61.3537
584    230.436
585    119.38
586    65.1088
587    93.5435
588    69.7156
589    86.4437
590    92.6105
591    82.4967
592    85.634
593    70.0108
594    77.227
595    99.057
596    89.312
597    90.5871
598    65.3671
599    80.5885
600    78.5525
601    88.621
602    90.6161
603    156.035
604    84.5346
605    109.559
606    91.8937
607    84.7366
608    77.4934
609    73.8181
610    4191.01
611    71.956
612    100.954
613    46.3769
614    47.5487
615    66.5557
616    67.9327
617    65.5987
618    86.5271
619    72.1768
620    81.0116
621    85.5151
622    72.4621
623    63.7585
624    66.122
625    137.034
626    68.369
627    86.7932
628    69.6712
629    111.876
630    100.264
631    65.4472
632    65.1625
633    87.4009
634    80.4738
635    82.9847
636    83.544
637    68.2644
638    79.8069
639    67.4934
640    52.9368
641    87.1591
642    73.4345
643    72.4474
644    82.7128
645    60.6605
646    62.0365
647    96.6578
648    92.6566
649    67.6161
650    69.331
651    64.6187
652    98.8024
653    96.1417
654    125.341
655    84.8691
656    86.1167
657    77.7121
658    68.9888
659    79.381
660    69.0049
661    82.5957
662    70.6467
663    91.2844
664    147.917
665    53.5143
666    133.379
667    166.223
668    70.6277
669    70.6855
670    166.976
671    59.99
672    68.8315
673    80.6499
674    64.4312
675    78.5451
676    85.7924
677    86.3753
678    64.2288
679    91.7236
680    92.4107
681    73.2217
682    80.794
683    66.9527
684    94.8663
685    90.6861
686    83.3491
687    79.2621
688    63.9185
689    84.0795
690    75.7823
691    73.4729
692    72.2568
693    201.141
694    66.6872
695    88.1348
696    62.2551
697    63.3104
698    83.5654
699    76.8303
700    410.182
701    81.6107
702    90.7044
703    81.2133
704    91.8033
705    87.514
706    646.385
707    78.2369
708    88.7292
709    96.0279
710    75.3183
711    70.0872
712    61.7639
713    88.3749
714    88.7512
715    91.6085
716    71.3159
717    91.7451
718    70.886
719    81.7695
720    96.1388
721    78.3666
722    86.2256
723    74.7043
724    75.6849
725    77.2158
726    72.0718
727    92.1253
728    489.205
729    74.1249
730    70.595
731    147.29
732    74.5111
733    66.0616
734    799.632
735    77.3124
736    63.4515
737    93.5483
738    166.58
739    87.2443
740    60.941
741    63.2755
742    61.0329
743    709.807
744    72.9849
745    84.0883
746    90.1717
747    63.4898
748    57.192
749    66.4372
750    75.7357
751    55.6132
752    72.4612
753    66.3024
754    76.796
755    155.78
756    120.649
757    66.8378
758    96.3988
759    103.004
760    70.6508
761    77.4002
762    70.0525
763    69.756
764    75.4079
765    106.102
766    83.27
767    590.512
768    86.9105
769    843.775
770    105.506
771    71.8546
772    68.1469
773    127.832
774    70.3427
775    97.1179
776    78.3265
777    67.5433
778    92.9949
779    67.5271
780    80.8282
781    380.62
782    66.155
783    102.21
784    144.218
785    71.6902
786    645.256
787    420.379
788    71.6028
789    74.2293
790    79.2508
791    47.8505
792    75.7051
793    94.55
794    74.0164
795    405.617
796    61.7641
797    308.12
798    76.8982
799    92.7181
800    107.402
801    78.1683
802    65.2554
803    87.1819
804    78.6857
805    291.091
806    745.859
807    248.01
808    82.0613
809    89.9506
810    66.9082
811    58.063
812    86.4466
813    59.5379
814    59.2367
815    133.888
816    66.759
817    66.9123
818    78.2787
819    61.4279
820    331.969
821    70.3732
822    86.3021
823    47.1564
824    85.1662
825    77.2792
826    351.159
827    88.5626
828    71.9261
829    57.3873
830    130.231
831    82.8761
832    1375.86
833    61.6611
834    68.3553
835    65.8694
836    181.743
837    61.7927
838    58.4107
839    400.609
840    85.7739
841    84.6937
842    61.0126
843    64.9688
844    73.2759
845    122.63
846    80.3186
847    67.3835
848    60.5342
849    83.5844
850    79.1339
851    58.6815
852    103.967
853    70.0034
854    53.93
855    64.113
856    72.2587
857    77.6494
858    44.9776
859    62.415
860    86.2627
861    115.871
862    63.8471
863    67.2175
864    75.4801
865    65.7473
866    71.9583
867    74.5658
868    63.6346
869    90.8761
870    84.9632
871    69.7274
872    53.6452
873    55.6721
874    81.4984
875    84.4009
876    562.718
877    59.7821
878    61.6161
879    59.6991
880    65.379
881    4142.28
882    64.2094
883    71.6134
884    1778.47
885    64.0711
886    55.33
887    58.1196
888    49.6915
889    59.6369
890    71.6572
891    65.3536
892    55.9495
893    65.9848
894    76.088
895    61.751
896    54.8454
897    63.1467
898    66.6652
899    1265.56
900    41.4906
901    59.008
902    85.5065
903    59.2324
904    55.9791
905    242.74
906    52.9386
907    55.3181
908    59.8351
909    63.373
910    53.5917
911    73.6755
912    2036.41
913    56.0989
914    68.6762
915    43.7877
916    57.3589
917    88.7123
918    50.8181
919    88.7049
920    65.5363
921    58.3606
922    74.3544
923    69.8051
924    57.0252
925    1436.39
926    671.303
927    1311.92
928    211.057
929    55.4777
930    61.4606
931    46.6558
932    66.1255
933    54.3211
934    53.3107
935    652.159
936    63.8243
937    37.5438
938    61.2866
939    46.771
940    63.4603
941    58.5602
942    40.564
943    75.029
944    57.9236
945    55.6065
946    5279.33
947    41.7106
948    639.478
949    40.6207
950    54.1164
951    59.0639
952    53.3132
953    76.5262
954    35.8891
955    40.5001
956    46.6351
957    49.8347
958    34.1295
959    70.032
960    54.7619
961    33.2484
962    60.7348
963    46.7274
964    48.9375
965    437.358
966    245.546
967    38.2881
968    44.4687
969    1287.75
970    38.8069
971    47.9957
972    59.9899
973    62.5648
974    44.3859
975    59.1878
976    47.9498
977    51.8582
978    42.8238
979    69.5967
980    51.1665
981    1872.56
982    412.756
983    42.0898
984    54.9789
985    713.93
986    36.0716
987    32.2237
988    48.332
989    34.3247
990    69.2032
991    39.9455
992    49.8145
993    35.4863
994    36.5311
995    45.5199
996    41.1653
997    56.698
998    44.1369
999    46.3189
1000    53.7565
1001    45.5303
1002    560.127
1003    34.4949
1004    34.3585
1005    45.2286
1006    39.3957
1007    38.9656
1008    36.1476
1009    51.0617
1010    56.4968
1011    37.1723
1012    26.1435
1013    43.6475
1014    44.5966
1015    43.8828
1016    31.4636
1017    43.4201
1018    64.804
1019    43.0276
1020    50.1593
1021    47.9955
1022    279.107
1023    52.6795
1024    43.2278
1025    56.4867
1026    41.8553
1027    51.7901
1028    42.8631
1029    179.218
1030    49.4436
1031    48.9086
1032    43.1155
1033    50.5839
1034    57.7619
1035    24.3399
1036    45.2753
1037    45.8353
1038    52.9339
1039    42.4934
1040    50.4505
1041    37.7537
1042    37.7008
1043    31.8532
1044    35.9464
1045    34.8248
1046    44.7799
1047    30.1324
1048    43.0097
1049    44.0243
1050    34.0397
1051    40.382
1052    81.2874
1053    43.138
1054    43.9329
1055    53.2964
1056    39.3422
1057    34.6184
1058    38.5021
1059    46.5214
1060    43.9102
1061    30.643
1062    41.0289
1063    27.4277
1064    40.8474
1065    44.505
1066    66.544
1067    38.3012
1068    45.5308
1069    36.4064
1070    105.844
1071    17.9616
1072    35.8491
1073    38.7241
1074    72.7237
1075    39.5962
1076    44.5948
1077    35.2003
1078    42.9291
1079    51.3499
1080    34.5502
1081    31.6884
1082    38.7298
1083    40.8888
1084    577.717
1085    41.0291
1086    48.4163
1087    58.1991
1088    38.0875
1089    49.3843
1090    39.3416
1091    28.2509
1092    54.1396
1093    49.855
1094    36.8385
1095    33.4315
1096    104.046
1097    59.5143
1098    37.0425
1099    36.3377
1100    31.3472
1101    50.9885
1102    48.0795
1103    36.7619
1104    53.87
1105    46.144
1106    62.949
1107    53.1871
1108    48.1287
1109    43.5619
1110    33.3824
1111    95.9732
1112    51.3251
1113    42.6062
1114    42.0922
1115    38.0363
1116    33.3275
1117    36.6765
1118    60.6996
1119    50.2865
1120    39.6839
1121    3712.24
1122    411.314
1123    35.3626
1124    32.5763
1125    30.6963
1126    211.71
1127    347.237
1128    31.5946
1129    34.7525
1130    21.1936
1131    39.7523
1132    49.6596
1133    37.1873
1134    74.8936
1135    39.1494
1136    33.1654
1137    34.298
1138    21.0757
1139    41.0971
1140    47.4699
1141    48.3692
1142    30.9008
1143    32.4789
1144    39.4707
1145    33.5704
1146    49.9951
1147    43.1403
1148    29.4142
1149    46.5674
1150    38.6469
1151    31.2555
1152    62.7567
1153    26.8835
1154    118.299
1155    42.3184
1156    418.54
1157    36.1691
1158    32.622
1159    28.0918
1160    38.3074
1161    31.8607
1162    21.8514
1163    33.9136
1164    28.9579
1165    44.5521
1166    38.623
1167    34.0522
1168    49.1537
1169    40.2434
1170    42.6836
1171    33.2466
1172    98.0618
1173    45.0204
1174    4641.93
1175    53.1005
1176    28.3111
1177    13.5806
1178    33.4182
1179    36.8718
1180    45.0489
1181    38.6089
1182    35.0927
1183    37.2471
1184    32.5816
1185    23.5626
1186    25.8319
1187    27.9394
1188    26.9726
1189    34.4564
1190    19.9524
1191    29.4234
1192    22.6158
1193    30.8689
1194    41.1514
1195    23.1829
1196    31.3639
1197    19.7243
1198    34.2341
1199    38.3457
1200    33.3197
1201    24.4905
1202    19.577
1203    34.6689
1204    33.0072
1205    31.4689
1206    31.3241
1207    35.7949
1208    87.7704
1209    24.2577
1210    28.6211
1211    32.4459
1212    30.9905
1213    29.6174
1214    32.6558
1215    33.7849
1216    47.3348
1217    24.128
1218    71.7251
1219    20.855
1220    34.7534
1221    46.548
1222    25.4021
1223    36.3615
1224    34.0958
1225    30.7583
1226    29.759
1227    28.9683
1228    28.2928
1229    26.7843
1230    28.314
1231    36.328
1232    42.4874
1233    40.0711
1234    41.4642
1235    34.9263
1236    35.7234
1237    33.9212
1238    36.707
1239    1636.73
1240    34.2436
1241    33.9619
1242    167.348
1243    39.9508
1244    24.1603
1245    31.52
1246    41.4604
1247    45.2949
1248    39.8596
1249    26.0821
1250    27.0492
1251    28.0414
1252    25.2604
1253    47.6367
1254    32.6274
1255    34.9616
1256    17.9312
1257    78.9866
1258    45.2684
1259    42.7832
1260    25.9546
1261    34.1933
1262    27.5019
1263    34.0674
1264    17.5819
1265    36.9378
1266    27.8996
1267    27.0171
1268    30.5023
1269    27.1081
1270    29.109
1271    18.8076
1272    28.9774
1273    28.9787
1274    19.4328
1275    28.6862
1276    30.5327
1277    32.5528
1278    57.0981
1279    32.2055
1280    19.2112
1281    437.742
1282    24.9336
1283    26.6422
1284    24.8828
1285    27.981
1286    37.7343
1287    38.9741
1288    34.5817
1289    36.1946
1290    27.7762
1291    30.9036
1292    27.5025
1293    609.96
1294    23.2601
1295    34.1645
1296    29.7728
1297    29.8781
1298    25.8511
1299    20.6937
1300    26.7694
1301    44.5241
1302    32.1437
1303    28.1165
1304    41.8344
1305    25.6938
1306    41.894
1307    21.573
1308    20.3287
1309    26.3209
1310    23.5469
1311    31.5806
1312    28.6353
1313    18.9999
1314    23.5908
1315    23.1071
1316    22.3689
1317    30.4052
1318    36.1601
1319    28.3625
1320    17.7524
1321    38.474
1322    45.4032
1323    28.5005
1324    21.1866
1325    29.8936
1326    26.0612
1327    26.6082
1328    17.9893
1329    29.1711
1330    14.9447
1331    35.3261
1332    28.8202
1333    5428.67
1334    26.2677
1335    27.3641
1336    20.2709
1337    16.1836
1338    19.627
1339    21.3918
1340    39.6081
1341    23.5755
1342    22.4122
1343    30.7309
1344    25.0473
1345    18.2136
1346    25.3076
1347    25.8554
1348    22.5081
1349    36.4698
1350    25.4489
1351    28.7645
1352    21.9161
1353    715.978
1354    24.8924
1355    140.814
1356    29.2445
1357    21.2082
1358    39.8114
1359    157.209
1360    15.3352
1361    15.5187
1362    38.6677
1363    21.5102
1364    25.717
1365    24.2119
1366    22.3866
1367    41.2194
1368    16.7386
1369    20.3949
1370    23.5745
1371    18.1759
1372    24.2966
1373    17.9199
1374    23.6164
1375    30.3188
1376    20.8894
1377    23.3105
1378    2910.21
1379    26.1947
1380    26.0716
1381    26.9236
1382    18.7441
1383    30.7483
1384    21.7869
1385    19.0176
1386    211.106
1387    14.6135
1388    24.612
1389    23.8577
1390    75.5363
1391    21.6443
1392    13.914
1393    19.7144
1394    1518.51
1395    23.8668
1396    11.509
1397    20.99
1398    98.672
1399    20.8073
1400    23.5923
1401    70.8921
1402    351.789
1403    17.04
1404    26.4716
1405    33.5307
1406    17.4165
1407    30.926
1408    601.193
1409    29.073
1410    45.9997
1411    21.4347
1412    29.4174
1413    19.5815
1414    30.2284
1415    18.7726
1416    30.4902
1417    23.969
1418    26.6458
1419    24.4819
1420    24.4396
1421    16.5059
1422    30.0967
1423    18.6224
1424    28.972
1425    22.5696
1426    24.961
1427    101.426
1428    26.8303
1429    13.0322
1430    23.7655
1431    26.571
1432    23.8115
1433    15.0951
1434    27.39
1435    14.9294
1436    27.3242
1437    27.9599
1438    22.2691
1439    19.5917
1440    22.6514
1441    14.1108
1442    27.9303
1443    52.468
1444    19.1044
1445    6.62186
1446    485.526
1447    23.5598
1448    18.5455
1449    22.4635
1450    16.2981
1451    22.5737
1452    16.7069
1453    478.898
1454    28.57
1455    24.8556
1456    21.0002
1457    19.8071
1458    17.7983
1459    84.9655
1460    111.037
1461    37615.8
1462    9.83462
1463    3.07459
1464    6.40969
1465    8.53951
1466    10.7171
1467    12.8122
1468    13.4712
1469    12.9732
1470    10.5658
1471    17.854
1472    11.3683
1473    4.16069
1474    15.7347
1475    11.5974
1476    15.3226
1477    10.8775
1478    6.40691
1479    8.75168
1480    15.5583
1481    6.26206
1482    12.7742
1483    12.7932
1484    4.36341
1485    3.90034
1486    34.428
1487    11.6368
1488    6.67785
1489    6.40975
1490    8.61115
1491    15.9594
1492    6.25401
1493    8.33328
1494    88.5023
1495    1.20199
1496    121.727
1497    3.06866
1498    8.37627
1499    6.5455
1500    15.2892
1501    23.2998
1502    67.8037
1503    6.69623
1504    5.5032
1505    2.10081
1506    6.53305
1507    5.98067
1508    4.52259
1509    6.45947
1510    662.918
1511    33.4733
1512    12.9923
1513    48.6167
1514    8.7046
1515    12.7194
1516    41.439
1517    6.60409
1518    15.1834
1519    8.45608
1520    8.1682
1521    3.22217
1522    17.8093
1523    7.9695
1524    10.624
1525    3.98591
1526    4.20256
1527    8.60669
1528    11.0384
1529    3.75363
1530    12.9983
1531    7.55975
1532    6.40619
1533    10.9111
1534    10.969
1535    15.8393
1536    13.8389
1537    9.56038
1538    20.9757
1539    115.289
1540    13.2721
1541    3.28823
1542    8.7455
1543    14.617
1544    135.055
1545    9.55027
1546    17.6112
1547    6.55652
1548    11.3008
1549    11.282
1550    3.46254
1551    76.4527
1552    8.53343
1553    4.79833
1554    23.2784
1555    3.71888
1556    3.49748
1557    6.24908
1558    29.2535
1559    8.84302
1560    14.5864
1561    3.88073
1562    10.6509
1563    1.5237
1564    6.36314
1565    10.6006
1566    4.17867
1567    15.7232
1568    5.70084
1569    6.05016
1570    5.31937
1571    5.94389
1572    9.75616
1573    10.0183
1574    8.55906
1575    11.2347
1576    4.08305
1577    9.30932
1578    10.9626
1579    8.33375
1580    51.6107
1581    85.8125
1582    2.24076
1583    6.32158
1584    191.825
1585    8.55286
1586    112.576
1587    8.05054
1588    9.08288
1589    416.647
1590    7.89931
1591    3.58278
1592    15.2765
1593    6.36302
1594    220.898
1595    109.962
1596    5.90673
1597    11.1235
1598    7.7252
1599    8.17187
1600    34.7498
1601    8.55766
1602    6.24536
1603    12.3589
1604    14.0858
1605    10.4046
1606    8.53708
1607    5.63441
1608    9.26515
1609    3.33205
1610    9.92667
1611    12.5651
1612    5.61023
1613    5.77823
1614    10.2508
1615    2.87885
1616    5.61873
1617    3.45614
1618    15.1721
1619    3.56551
1620    10.1824
1621    187.826
1622    9.50618
1623    5.37947
1624    9.55898
1625    14.8731
1626    43.8402
1627    5.9116
1628    52.2992
1629    8.79763
1630    10.4097
1631    256.607
1632    3.99749
1633    3.53585
1634    8.89954
1635    8.09406
1636    10.5
1637    13.2582
1638    10.0117
1639    294.123
1640    5.35368
1641    33.812
1642    3.21379
1643    3.46941
1644    3.6077
1645    12.5872
1646    1.15156
1647    4.09949
1648    3.62734
1649    10.1045
1650    10.5909
1651    6.70502
1652    7.7871
1653    10.3354
1654    3.80193
1655    11.0351
1656    6.14338
1657    8.58473
1658    9.75573
1659    6.20046
1660    10.0587
1661    12.1962
1662    684.193
1663    2.75879
1664    7.65861
1665    5.65879
1666    6.54209
1667    37.1954
1668    6.41218
1669    655.147
1670    3.73626
1671    3.81299
1672    17.7941
1673    21.0159
1674    6.46312
1675    3.54925
1676    6.20493
1677    8.27022
1678    16.1265
1679    6.58435
1680    82.4391
1681    10.5813
1682    5.97383
1683    14.5558
1684    51.8632
1685    5.7988
1686    249.757
1687    20.6123
1688    15.7387
1689    8.0682
1690    8.34473
1691    1.72163
1692    8.73135
1693    10.8785
1694    511.063
1695    195.025
1696    8.36252
1697    4.01555
1698    6.44978
1699    10.8681
1700    10.4447
1701    92.9407
1702    5.60307
1703    16.934
1704    5.67878
1705    6.02795
1706    1.96953
1707    3.53004
1708    6.47794
1709    10.4976
1710    6.19384
1711    6.18632
1712    4.63536
1713    5.47748
1714    8.73366
1715    5.72106
1716    11.0071
1717    5.93189
1718    8.02687
1719    10.3392
1720    16.1835
1721    5.45984
1722    10.2515
1723    1.1835
1724    13.6517
1725    19.425
1726    10.7461
1727    3.52857
1728    30.7631
1729    6.40797
1730    2711.35
1731    3.69414
1732    8.21066
1733    0.817318
1734    6.69829
1735    5.39124
1736    8.08653
1737    7.93943
1738    103.221
1739    7.92514
1740    14.1412
1741    5.00029
1742    39.4328
1743    20.136
1744    8.01495
1745    13.0557
1746    5.67441
1747    5.98747
1748    10.6137
1749    3.18781
1750    61.6432
1751    4.79292
1752    3.31094
1753    7.67846
1754    6.21717
1755    10.8451
1756    3.35927
1757    8.50332
1758    3.09831
1759    11.9214
1760    8.31899
1761    2.50321
1762    8.68879
1763    3.92418
1764    7.66658
1765    13523.2
1766    6.24098
1767    0.621644
1768    32.0897
1769    5.72602
1770    0.335238
1771    78.8599
1772    4.81457
1773    50.3331
1774    3.22637
1775    5.45084
1776    2.64901
1777    2.77509
1778    3.30048
1779    5.65299
1780    2.58998
1781    2.88741
1782    2.72649
1783    3.09994
1784    23.5142
1785    0.405666
1786    2.94024
1787    0.628924
1788    2.50604
1789    2.90739
1790    5.81
1791    7.72801
1792    2.51463
1793    3.17417
1794    9.7703
1795    8.01737
1796    3.2924
1797    1.22224
1798    139.08
1799    3.01136
1800    7.65552
1801    3.60618
1802    0.333219
1803    0.623226
1804    0.571802
1805    0.62366
1806    24.2013
1807    7.51789
1808    0.734701
1809    3.10107
1810    5.21996
1811    1.14821
1812    3.13864
1813    2.87104
1814    12.5148
1815    0.312565
1816    7.90988
1817    2.94682
1818    2.46736
1819    0.460995
1820    10.3583
1821    5.02711
1822    2.58409
1823    0.524785
1824    7.84504
1825    1.0885
1826    0.768222
1827    3.15471
1828    2.61282
1829    2.72656
1830    3.36448
1831    0.711309
1832    22.9478
1833    0.945396
1834    4.90383
1835    1.07697
1836    8.20279
1837    2.75528
1838    43.7085
1839    122.668
1840    0.315693
1841    0.375866
1842    2.47439
1843    11.8845
1844    0.897415
1845    2.4628
1846    6.14348
1847    1.02237
1848    1860.99
1849    0.147024
1850    2.94997
1851    1.43303
1852    5.14639
1853    2.75687
1854    7.62277
1855    0.00312507
1856    0.14602
1857    0.171481
1858    0.261676
1859    2.63508
1860    0.352516
1861    2.79885
1862    0.645353
1863    4.8135
1864    5.10849
1865    3.48299
1866    5.45978
1867    0.967241
1868    4.25842
1869    4.81169
1870    2.93094
1871    3.21561
1872    2.63323
1873    33.1667
1874    85.8216
1875    5.07674
1876    7.86847
1877    2.97313
1878    4.97826
1879    0.477619
1880    2.92906
1881    2.49264
1882    0.622229
1883    2.48902
1884    0.482472
1885    15.2639
1886    3.08252
1887    2.82284
1888    12.0261
1889    0.232342
1890    0.80439
1891    190.709
1892    0.769006
1893    0.259727
1894    3.29366
1895    2.89103
1896    49.3992
1897    88.0722
1898    0.424993
1899    28.6424
1900    1.00034
1901    0.812281
1902    0.169875
1903    0.618524
1904    0.788395
1905    7.28063
1906    5.06782
1907    1.40792
1908    3.03244
1909    0.147773
1910    0.565129
1911    2.80707
1912    3.04395
1913    0.679401
1914    2.46795
1915    0.655682
1916    25.0326
1917    2.80334
1918    0.50202
1919    0.235585
1920    2.90443
1921    2.6576
1922    0.423641
1923    0.145106
1924    0.593308
1925    0.402218
1926    292.615
1927    2.61384
1928    0.660745
1929    2.99116
1930    5.46249
1931    0.00156275
1932    2.73113
1933    5.23836
1934    3.07752
1935    0.748624
1936    9.83116
1937    0.631287
1938    26.2673
1939    0.564442
1940    2.74574
1941    0.402133
1942    2.74591
1943    0.337574
1944    2.67275
1945    0.144594
1946    0.430338
1947    2.49411
1948    0.169972
1949    0.421529
1950    0.397896
1951    0.260812
1952    0.736817
1953    11.9293
1954    0.768969
1955    0.647008
1956    2.66009
1957    0.259681
1958    3.05
1959    0.594712
1960    0.285363
1961    0.731513
1962    0.336509
1963    3.13579
1964    0.477695
1965    2.98725
1966    2.70828
1967    0.0930659
1968    0.68735
1969    4.82206
1970    0.482542
1971    0.16898
1972    0.960884
1973    2.32546
1974    0.166848
1975    2.57386
1976    0.406419
1977    2.47059
1978    16.0289
1979    0.899275
1980    0.344752
1981    3.05539
1982    0.00376444
1983    0.00128501
1984    2.86861
1985    2.75609
1986    3.10836
1987    0.488406
1988    4.9556
1989    0.454636
1990    2.90122
1991    2.86993
1992    0.231679
1993    2.81006
1994    0.166521
1995    0.997569
1996    0.877172
1997    0.400587
1998    0.232916
1999    0.608332
2000    0.655813
2001    0.566027
2002    2.80002
2003    2.63631
2004    0.567172
2005    2.48582
2006    0.17205
2007    0.501353
2008    0.260428
2009    2.41222
2010    2.48775
2011    51.1014
2012    5.23879
2013    2.46046
2014    0.144655
2015    0.312779
2016    4.80562
2017    0.259403
2018    2.79327
2019    2.46581
2020    3.24061
2021    0.503463
2022    10.1606
2023    2.78078
2024    0.333791
2025    2.91236
2026    0.340525
2027    0.169728
2028    2.96925
2029    1.01881
2030    2.97197
2031    0.454126
2032    1.12005
2033    0.567072
2034    0.145951
2035    0.401783
2036    0.287124
2037    0.425186
2038    7.82317
2039    2.67164
2040    0.906527
2041    4.7928
2042    0.545495
2043    3.08606
2044    0.377917
2045    0.142383
2046    0.0889856
2047    0.643256
2048    0.493671
2049    0.14576
2050    2.72215
2051    0.400526
2052    0.333187
2053    20.698
2054    0.255706
2055    0.400301
2056    0.287798
2057    0.335951
2058    2.91108
2059    0.403222
2060    4.81087
2061    0.787241
2062    4.80981
2063    0.172988
2064    2.46373
2065    2.22981
2066    2.9528
2067    0.312899
2068    2.96976
2069    0.401906
2070    4.80908
2071    0.424235
2072    0.168476
2073    3.33055
2074    0.478567
2075    0.400223
2076    2.49065
2077    0.260684
2078    0.287723
2079    0.600844
2080    0.423808
2081    0.683282
2082    0.309935
2083    0.427723
2084    0.148061
2085    3.14559
2086    2.61763
2087    0.602022
2088    3.1515
2089    0.310692
2090    21.8451
2091    2.65774
2092    2.63685
2093    5.15756
2094    0.470802
2095    3.12335
2096    0.145824
2097    0.568163
2098    2.63276
2099    0.542667
2100    0.0917017
2101    0.147727
2102    0.482363
2103    4.95456
2104    3.52546
2105    2.82661
2106    0.929646
2107    0.350571
2108    0.709218
2109    0.568228
2110    29.0433
2111    0.453595
2112    0.708796
2113    0.423294
2114    2.46729
2115    0.25724
2116    2.94154
2117    2.55702
2118    0.322823
2119    986.476
2120    0.399995
2121    0.521357
2122    3.07052
2123    1.3038
2124    0.143668
2125    0.410859
2126    0.763155
2127    2.63349
2128    2.80041
2129    0.289804
2130    2.75008
2131    0.811869
2132    2.65329
2133    2.94042
2134    0.315311
2135    4.6541
2136    5.218
2137    5.06408
2138    2.63185
2139    7.2254
2140    0.594686
2141    0.629682
2142    3.25155
2143    0.476634
2144    0.967621
2145    0.618992
2146    0.322072
2147    0.257555
2148    19.3453
2149    5.2606
2150    2.72256
2151    0.787773
2152    2.72311
2153    0.287713
2154    0.477574
2155    0.398303
2156    0.171714
2157    0.40529
2158    2.63496
2159    0.457817
2160    0.475855
2161    5.57996
2162    0.332768
2163    0.500025
2164    0.345682
2165    0.453784
2166    7.44902
2167    0.346483
2168    0.647441
2169    2.32569
2170    4.73508
2171    0.258357
2172    0.762187
2173    0.34604
2174    5.20652
2175    0.168779
2176    0.267848
2177    8.24409
2178    0.333219
2179    0.644632
2180    0.00156269
2181    0.310246
2182    0.336477
2183    0.567816
2184    0.565944
2185    0.623058
2186    0.76324
2187    5.02134
2188    0.911313
2189    0.876617
2190    0.315659
2191    5.22317
2192    0.429295
2193    35.439
2194    0.376367
2195    0.333415
2196    0.312439
2197    0.619965
2198    4.98228
2199    0.589622
2200    0.922917
2201    0.346852
2202    0.758138
2203    0.743469
2204    22.5233
2205    4488.64
2206    2.91839
2207    0.476146
2208    0.344813
2209    0.334844
2210    0.0904559
2211    0.256029
2212    2.74499
2213    0.422398
2214    0.333358
2215    0.00156161
2216    0.00220071
2217    0.167459
2218    0.336067
2219    0.666078
2220    0.2559
2221    2.65744
2222    0.834345
2223    0.375757
2224    0.234194
2225    0.75564
2226    0.255062
2227    0.0889856
2228    0.757292
2229    0.755795
2230    0.166745
2231    0.168477
2232    4.90538
2233    0.424494
2234    0.00155794
2235    0.259145
2236    0.0896319
2237    0.515076
2238    0.234802
2239    0.589006
2240    0.50072
2241    0.166889
2242    1.0644
2243    0.335534
2244    0.398702
2245    0.333887
2246    0.398924
2247    0.589857
2248    0.676996
2249    0.336257
2250    2.7431
2251    0.755154
2252    2.77709
2253    0.732666
2254    0.65471
2255    2.41316
2256    0.50169
2257    0.166573
2258    0.309894
2259    0.423765
2260    2.66072
2261    7.64733
2262    0.333462
2263    0.179639
2264    0.34511
2265    2.58329
2266    0.588758
2267    21.6683
2268    0.513984
2269    0
2270    0.654677
2271    0.836
2272    2.49334
2273    0.0909183
2274    2.63347
2275    0.166789
2276    0.756163
2277    0.590887
2278    0.166778
2279    0.476749
2280    0.167403
2281    2.57908
2282    0.256805
2283    0.00156542
2284    0.257509
2285    5.14955
2286    0.145572
2287    0.422185
2288    2.80346
2289    0.422358
2290    2.66723
2291    0.477122
2292    2.62596
2293    0.500859
2294    295.129
2295    0.166243
2296    0.333267
2297    0.499629
2298    0.256732
2299    0.33317
2300    0.000642343
2301    0.256121
2302    0
2303    0.588681
2304    0.333502
2305    2.79926
2306    0.335229
2307    0.333276
2308    0.333662
2309    2.493
2310    0.42252
2311    0.588744
2312    0.0890746
2313    0.33712
2314    0.422343
2315    0.256888
2316    0.258098
2317    0.422559
2318    0
2319    0.00064378
2320    0.258681
2321    2.48985
2322    0.345605
2323    0.256502
2324    0.589995
2325    0.334263
2326    2.98731
2327    0.255498
2328    0.333833
2329    2.91093
2330    0.166929
2331    2.48757
2332    11.8904
2333    0.476415
2334    0.333343
2335    0.168341
2336    0.00220941
2337    0.588704
2338    0.178387
2339    0.0888951
2340    0.600408
2341    2.50503
2342    3.43262
2343    0.00220468
2344    0.168268
2345    0.421978
2346    0.334069
2347    0.088901
2348    0.422645
2349    0.0897084
2350    0.589044
2351    0.333818
2352    0.564785
2353    0.00220164
2354    0.511193
2355    0.000642947
2356    0.255253
2357    0.487328
2358    0.178396
2359    0.0910483
2360    2.32525
2361    2.64538
2362    0.334748
2363    0.620265
2364    0.168411
2365    0.333206
2366    0.679458
2367    0.167007
2368    0.166606
2369    3.14321
2370    0.423167
2371    0.333279
2372    0.333978
2373    0.512008
2374    0.504637
2375    0.232923
2376    2.6645
2377    3.05643
2378    0.422536
2379    2.86384
2380    0.399441
2381    2.64495
2382    0.000643014
2383    0.333102
2384    0.808428
2385    0.50127
2386    0.399477
2387    2.4099
2388    0.668862
2389    0.500473
2390    0.333338
2391    0.630827
2392    0
2393    0.166567
2394    0.755902
2395    0.757025
2396    0.590841
2397    2.91311
2398    0.333444
2399    2.82696
2400    0.564589
2401    0.0893381
2402    0.677673
2403    0.397618
2404    0.499659
2405    0.333024
2406    0.25528
2407    0.144316
2408    0.397934
2409    0.309107
2410    0.333959
2411    0
2412    0.424021
2413    0.422513
2414    0
2415    0.0907756
2416    0.166706
2417    0.499779
2418    2.63219
2419    0.31016
2420    0.0886412
2421    0.500094
2422    0.422812
2423    0.33285
2424    0.467763
2425    0.310924
2426    0.499638
2427    0.344644
2428    0.589033
2429    0.166332
2430    0.0885164
2431    0.335035
2432    2.82656
2433    0.589943
2434    0.333746
2435    0.232031
2436    0.310122
2437    4.81209
2438    0.731628
2439    0.333886
2440    0.167324
2441    0.232567
2442    0.0905779
2443    0.166603
2444    0.333113
2445    0.144275
2446    0.0887959
2447    0.475452
2448    1416.22
2449    0.166555
2450    0
2451    0.333329
2452    0
2453    0.334818
2454    0.502876
2455    0.499828
2456    0.421354
2457    0.333823
2458    0
2459    0.423915
2460    0.346162
2461    0.000643159
2462    0.499861
2463    0.501393
2464    0.166482
2465    0.33363
2466    0.501236
2467    0.333593
2468    0.168295
2469    0.333228
2470    0
2471    0.42185
2472    0.16686
2473    0.3338
2474    0.257021
2475    0.333397
2476    0.421779
2477    0.33315
2478    0.167239
2479    0.422467
2480    0.333528
2481    0.333448
2482    0.167576
2483    0.968185
2484    0.255586
2485    0.167596
2486    0.500154
2487    0.511036
2488    0.167615
2489    0.346481
2490    0.423708
2491    0.255428
2492    0.422151
2493    0.166704
2494    0.0015631
2495    0.42189
2496    0.0894521
2497    0.166651
2498    0.256101
2499    0.665996
2500    0.333088
2501    0
2502    0.50029
2503    0.166425
2504    0.511585
2505    0.422369
2506    5.52769
2507    0.178428
2508    0.35554
2509    0.0889258
2510    0.255851
2511    0.755971
2512    0.333495
2513    0.00064188
2514    0.178768
2515    0.256296
2516    0.167458
2517    0.166599
2518    0.333289
2519    0.0902189
2520    0.423454
2521    0.255664
2522    0.333312
2523    0.0891045
2524    0.6004
2525    0.168336
2526    0
2527    0.00156374
2528    0.0892098
2529    0.000642744
2530    0.178628
2531    0.177506
2532    0.421907
2533    0.344503
2534    0.166749
2535    0.500391
2536    0.600278
2537    0.344998
2538    0.167585
2539    0.855789
2540    0.333087
2541    0.333096
2542    0.60003
2543    0.333441
2544    0.167617
2545    0.00469154
2546    0.588512
2547    0.500168
2548    0.344521
2549    0.256496
2550    0.166596
2551    0.089764
2552    0.344162
2553    0.255774
2554    0.344336
2555    0.421792
2556    0.9219
2557    0
2558    0.344698
2559    0.0894835
2560    0.168255
2561    0.258491
2562    0.433629
2563    0.422697
2564    0.255944
2565    0.166579
2566    0.167113
2567    0.168003
2568    0.255674
2569    0.166673
2570    0.167293
2571    0.179017
2572    0.166102
2573    0.167414
2574    0.17741
2575    0.0897284
2576    0.0890797
2577    0.333868
2578    0.433925
2579    0.177562
2580    0.345432
2581    0.166869
2582    0.934326
2583    0.500271
2584    0.500642
2585    0.0884952
2586    0.177463
2587    0.255196
2588    0.344996
2589    0.4332
2590    0.422164
2591    0.42195
2592    0.255961
2593    0.088995
2594    0.0893606
2595    0.255488
2596    0.344836
2597    0.501427
2598    0.677364
2599    0.677372
2600    0.178399
2601    0.422219
2602    0.255242
2603    0.255574
2604    0.0890937
2605    2.90018
2606    0.421808
2607    0.178347
2608    0
2609    0.423129
2610    0
2611    0.499514
2612    0.500682
2613    0
2614    0.179107
2615    1127.94
2616    0
2617    0
2618    0
2619    0.000643962
2620    0
2621    0
2622    0
2623    0
2624    0
2625    0
2626    0.000643707
2627    0
2628    0.000643354
2629    0
2630    0
2631    0.145671
2632    0.000644128
2633    0.00128287
2634    0.000643741
2635    0.000642713
2636    0.00128659
2637    0.000642555
2638    0.000642819
2639    0
2640    0.00192862
2641    0.00128785
2642    0
2643    0
2644    0.00192706
2645    0.00128481
2646    0.00128484
2647    0
2648    0.00128691
2649    0.00064297
2650    0.000644268
2651    0.00257245
2652    0.000641045
2653    0.000642446
2654    0
2655    0
2656    0.000644363
2657    0
2658    0
2659    0
2660    0.00128422
2661    0
2662    0
2663    0
2664    0.000643775
2665    0
2666    0.00128447
2667    0.000641988
2668    0.000640579
2669    0
2670    0
2671    0.00128532
2672    0
2673    0.000642746
2674    0
2675    0
2676    0
2677    0
2678    0
2679    0
2680    0.000643752
2681    0.000642028
2682    0.000642795
2683    0.000644949
2684    0.000642569
2685    0.00128507
2686    0.000641988
2687    0
2688    0.00128473
2689    0.000643856
2690    0
2691    0
2692    0.00192525
2693    0.000641863
2694    0
2695    15.6628
2696    0.000641633
2697    0.00128415
2698    0.00155789
2699    0.000641228
2700    0.159955
2701    0.000642139
2702    0.00128354
2703    0.000642252
2704    0.00128353
2705    0.00128683
2706    0.00155943
2707    0.00192686
2708    0
2709    0.00128399
2710    0
2711    0.00192834
2712    0
2713    0
2714    0
2715    0
2716    0
2717    0
2718    0.0012853
2719    0.000641968
2720    0.434324
2721    0.00192595
2722    0
2723    0
2724    0.143868
2725    0.001285
2726    0.00128746
2727    0.00128435
2728    0.00128537
2729    0.00597767
2730    0
2731    0
2732    0
2733    0.000643163
2734    0.00128379
2735    0
2736    0.000640528
2737    0.0012836
2738    0.00128199
2739    0.00192906
2740    0
2741    0.0012834
2742    0
2743    0.000644528
2744    0
2745    0.00192776
2746    0.000643502
2747    0.00128531
2748    0
2749    0.000643211
2750    0
2751    0
2752    0
2753    0.143211
2754    0.0012854
2755    0.00192891
2756    0.000641867
2757    0
2758    0.000642588
2759    0
2760    0.00128697
2761    0.000641697
2762    0
2763    0.00128784
2764    0.00128558
2765    0.00256913
2766    0.000643217
2767    0.00064257
2768    0
2769    0.000643217
2770    14.7218
2771    0
2772    0.000643707
2773    0.0012861
2774    0.000642594
2775    0.000643027
2776    0.000644268
2777    0.000642818
2778    0
2779    0.000642045
2780    0.000643452
2781    0.00128378
2782    0.00128393
2783    0
2784    0.00128805
2785    0.000644268
2786    9.60403
2787    0
2788    0.00128636
2789    0.00192951
2790    0.00128324
2791    0.000640909
2792    0.00128423
2793    0.00064227
2794    0.000643454
2795    0.0019291
2796    0.00192834
2797    0.00385667
2798    0.00257706
2799    0.00192462
2800    0.00128579
2801    0
2802    0.000644181
2803    0.00128361
2804    0.000642681
2805    0
2806    0.00128397
2807    0.00192942
2808    0.000643202
2809    0.00128686
2810    0.00128744
2811    0
2812    0.00064334
2813    2.32805
2814    0.000643709
2815    0.00128645
2816    0
2817    0.00128318
2818    0.001285
2819    0.00192894
2820    0.00128239
2821    0.00128323
2822    0.000642529
2823    0.00128229
2824    0
2825    0.00128516
2826    0.00128531
2827    0.0259977
2828    0.000642844
2829    0.000643932
2830    0.000642999
2831    0.000643845
2832    0.000641174
2833    0.00128412
2834    0
2835    0
2836    0.00128325
2837    0.00192752
2838    0.00128593
2839    0.00257078
2840    0
2841    0
2842    0.000643278
2843    0
2844    0.000643817
2845    0
2846    0.000643238
2847    0.000644394
2848    0
2849    0.00192835
2850    0
2851    0.000643464
2852    0.000642343
2853    0.00192836
2854    0
2855    0
2856    0.00128612
2857    0
2858    0
2859    0
2860    0.00128401
2861    0.00192532
2862    2.32294
2863    0
2864    0.000642825
2865    0
2866    0.00064334
2867    0.0032143
2868    0.00128551
2869    0
2870    0.00128434
2871    0.00128673
2872    0.000642818
2873    0.000641377
2874    0
2875    0.000643452
2876    0.000642398
2877    0.00192764
2878    0.000641803
2879    0
2880    0.00128742
2881    9.60228
2882    0.000641147
2883    0.00064137
2884    0.000642286
2885    0.000642406
2886    0.00128483
2887    0
2888    0.000641863
2889    0
2890    0.000643709
2891    0.00128522
2892    0.00257177
2893    0
2894    2.4773
2895    0.000643775
2896    0.000643202
2897    0.00128668
2898    0.000643105
2899    0.000641511
2900    0.000643021
2901    0
2902    0
2903    0.000645565
2904    0
2905    0
2906    0
2907    0
2908    0
2909    0
2910    0
2911    0
2912    0
2913    0
2914    0.000643344
2915    0
2916    0
2917    0.00128436
2918    0
2919    0
2920    0
2921    0
2922    10.0533
2923    0
2924    0.00192973
2925    0
2926    0
2927    0
2928    0
2929    0.00689358
2930    0
2931    0.00220494
2932    0
2933    0.000644394
2934    0
2935    0
2936    0.000643626
2937    0
2938    0
2939    0
2940    0
2941    0
2942    0
2943    0.000642014
2944    0.000641302
2945    0
2946    0
2947    0.000642282
2948    0.000644528
2949    0
2950    0
2951    0
2952    0.00128331
2953    0
2954    0
2955    0
2956    0
2957    0
2958    0.00064538
2959    0
2960    0.000642752
2961    0.000642713
2962    0
2963    0
2964    0.00128496
2965    0
2966    0
2967    0.000644027
2968    0.000644885
2969    0
2970    0
2971    0
2972    0
2973    0
2974    0.00128486
2975    0
2976    0
2977    0
2978    0
2979    14.5528
2980    0
2981    0
2982    0
2983    0
2984    0
2985    0
2986    0
2987    0.000643312
2988    0.0895338
2989    0.000643454
2990    0
2991    0
2992    0
2993    0
2994    0
2995    0.000642555
2996    0
2997    0
2998    0
2999    0
3000    5.10003
